500
0 4248 3514 5769 3150 8433 501 6818 3167 3935 1835 7143 6054 79 8005 5715 
1 1786 7457 8166 4873 2289 4990 3231 3126 9605 8295 4099 4805 8453 8797 9607 
2 6661 4740 136 3332 7792 5407 4696 9876 8308 5195 9418 8600 7055 
3 3018 7332 6453 5330 7026 6587 7478 5101 2049 935 692 5782 7209 1071 6528 6778 
4 4365 6572 8462 481 9470 5566 4961 9910 8305 1695 8419 130 3309 5064 9374 5962 
5 8357 9748 9627 3589 378 3655 432 7825 6298 8871 1979 7709 
6 2002 7248 5897 7694 8872 3187 3486 8677 7319 5300 9446 8026 4527 9075 
7 3895 1683 5749 3468 6748 1686 9609 6534 6582 3616 8626 7352 6249 759 518 3543 1625 
8 586 558 5290 8288 6473 9511 322 7381 4077 4011 7235 8134 139 5248 2986 
9 7738 8238 2656 4325 2095 3272 2468 8682 3817 1083 4836 6737 3533 8134 
10 6846 4511 4765 2545 6718 5926 2666 6985 7143 1205 6027 1856 7657 8649 
11 7584 9658 5367 6045 8117 6211 562 8866 7763 329 205 
12 6119 7559 7757 7227 8114 2763 32 6835 9209 9592 554 3869 
13 6214 3360 2849 5720 3265 758 9290 9557 6155 2165 160 2093 4760 2693 6049 
14 4738 9764 4342 6085 4118 9987 895 7228 1412 5185 514 2019 3377 5758 6030 
15 9953 6262 2503 3827 1803 2659 9361 8177 2020 7533 8661 7851 1799 3509 2240 8994 
16 6833 6333 9202 8575 3565 6889 1284 3897 258 7960 9238 3457 9971 5335 4377 
17 6923 1564 9918 5737 7181 9651 739 6917 6204 4315 676 1025 3376 
18 8149 6210 4122 208 5419 9796 1079 6765 7144 4943 4913 2807 7434 4294 9545 4801 5219 
19 1095 6226 9850 6730 8163 4721 5198 789 6660 5162 6468 388 8138 
20 1747 4529 8153 3563 5744 9762 9975 1437 8749 6635 4701 5326 2095 4326 
21 7648 4135 1341 5386 3130 3469 6183 2804 7703 2867 705 7178 8564 5413 2175 
22 4953 8303 4597 4950 8595 4808 4998 4976 3282 1043 9842 
23 1266 2104 6666 3442 6158 4266 5994 2493 2539 2736 3541 8812 8125 951 
24 5188 6186 226 8418 348 4562 3704 8138 8353 8692 8879 4310 6914 4647 
25 4410 7197 6617 4442 3603 5636 74 2649 7423 235 5143 7928 13 7599 6016 4739 9347 5862 
26 8717 2969 5221 1997 4429 6557 4344 9983 1129 5062 4616 3982 
27 2506 3173 7571 1064 8431 4548 8176 3221 9566 9067 4803 3510 5062 7519 9404 2870 
28 3718 2364 6180 5587 1452 7401 9244 1113 1385 6700 4453 3319 7438 9356 8713 5412 
29 6202 110 2959 5685 5074 6426 541 1291 5623 6477 3208 7393 2404 8498 
30 5574 5889 7019 9220 2589 7705 40 2028 6903 810 7779 9230 5962 
31 2722 5410 9586 289 141 2234 8234 8606 8448 1927 7018 3425 4021 2182 6170 5677 7880 
32 9729 5958 447 2776 2946 2919 9949 1587 4145 2407 6935 7147 3877 732 
33 7655 7533 8273 6231 8904 9611 7441 438 2219 1097 5502 7517 
34 6806 5321 1796 6951 6649 9275 4865 9035 4494 6236 1436 5910 9167 9347 5006 6467 
35 3519 3232 2894 3994 2438 5632 6879 8567 4186 7432 7051 1299 2866 
36 8207 7385 3729 9638 9401 5955 5093 6449 9773 9302 3144 1979 
37 1039 5381 9822 5693 4274 200 2614 313 8098 1994 2712 2756 4901 4176 
38 3181 2400 5065 5943 134 5293 45 4641 8990 3890 9613 6390 6101 5762 
39 4193 1067 9720 5707 7530 6552 5709 9861 7560 2587 6427 511 9515 1572 4354 5458 5507 
40 2892 1983 8739 7215 5986 5751 1385 2276 2326 535 8429 2155 
41 4891 2829 3786 4952 9065 290 5539 9376 7594 4720 5767 
42 2208 5022 1700 3467 8070 6067 175 1718 8605 6569 4439 9518 6054 9931 8387 745 
43 1157 5266 7558 2186 5703 7667 8767 7802 8245 1972 6224 5594 697 6447 
44 411 1592 4934 8590 6654 5438 7081 8718 5972 9244 
45 7278 9463 2047 6075 8559 846 1130 4717 8035 6502 9981 2199 6608 569 8816 8663 8125 2 
46 2197 1248 4329 1235 1622 1099 6601 1221 5622 7120 
47 2222 9169 7769 4594 100 4856 9721 9390 9249 2830 3656 9139 412 
48 4600 8865 5757 5652 5657 366 979 7661 3568 1464 
49 8427 9309 774 236 8256 221 8 6300 8193 8147 9000 1066 5592 7972 5706 513 8245 
50 6724 2108 1872 5263 8598 9698 9039 4107 3734 1444 9122 8212 6465 7852 321 1299 
51 5237 3882 2995 4420 86 3979 7631 7721 2558 891 3109 8013 2426 6899 7048 4901 8053 
52 5527 714 9715 7832 9372 2394 8034 7750 2192 6545 
53 1865 7684 8254 1515 6994 1603 1016 159 475 1476 735 8761 216 5075 
54 2367 5658 4619 7348 3536 291 9987 7230 9264 6374 207 2074 3023 7333 5359 
55 4391 9704 8826 7308 3041 1732 4840 2034 5628 4360 9659 4340 
56 3778 5447 4873 3588 6100 4199 265 1613 9696 8223 6576 7399 5816 7126 1431 4855 
57 9254 9007 6510 7796 5837 2465 6891 4734 9490 8743 5023 6120 7169 7511 
58 6745 3534 3765 9516 4179 1080 9514 5690 9984 1904 9761 9852 
59 3885 9297 5395 571 6952 7313 1393 2313 4703 4552 8744 3270 8841 9834 9299 
60 8971 7500 2530 2431 8080 7378 31 19 2577 5869 
61 3690 5018 4672 6605 5009 6983 2643 8674 5097 5644 1752 6392 6354 9912 7997 9968 6692 
62 1755 6267 6727 5308 7133 5268 6244 9766 6724 7898 6974 2615 3894 
63 4962 2447 9770 8577 6840 8638 1084 7341 8505 6661 2973 7136 7060 9842 
64 6342 4282 9082 8557 4780 201 9521 2126 9186 3976 7142 3683 4823 8498 4378 6469 2005 
65 9917 5336 6390 4858 5057 6209 3526 7946 8417 7410 1987 4671 3135 9645 7864 6021 
66 3202 48 3022 2331 2084 7061 4264 7107 872 9491 2573 4399 3958 3184 
67 2527 9762 2351 662 2790 5727 3449 3920 5782 8470 1571 7929 1750 
68 5145 5035 2046 8603 2142 6979 4894 9464 5531 9632 8821 2687 3251 4311 745 9301 
69 6781 480 6993 7906 3059 8345 3613 7699 4867 2599 4796 5639 4626 
70 3881 9438 9074 9701 270 7257 737 4896 1303 6784 5206 3354 2773 8910 
71 360 8370 5305 4807 340 3733 4781 2788 8437 191 8104 3830 
72 9978 8708 316 1426 4700 2330 1414 9835 9493 826 7709 
73 2567 9661 8493 4130 401 2296 1874 2924 8562 4589 8904 9199 
74 286 3752 5986 7127 4175 5336 4708 5247 4109 9011 3358 3528 5149 7992 9545 
75 2391 2209 4033 654 608 404 9380 7372 5605 1469 6422 7599 2051 8482 4660 4679 
76 3697 8265 9845 3115 6024 621 4041 8753 3420 6999 8287 7518 6119 7736 3758 2240 
77 2139 3862 1027 3949 8783 9137 3628 4476 446 3699 745 6482 
78 162 1768 8560 7334 1614 3453 8343 144 5173 6 9138 991 7652 7762 
79 5314 4923 8353 9668 3006 5153 7655 4246 7605 5411 6035 9163 4567 865 8907 5219 
80 9846 5992 8972 8930 4005 5393 585 3094 2109 2954 1173 2884 9629 3140 5993 3395 8491 2283 
81 3987 1163 466 2111 9703 8682 3417 4486 8297 3028 5369 3163 7526 7392 650 1256 5643 412 6258 
82 7005 1165 9315 7519 4010 1770 4397 623 3768 9891 1595 1441 7251 
83 1482 367 7938 7432 5069 5800 2568 2888 1459 2819 3191 6544 5182 527 2613 5917 5748 4352 
84 4401 2423 5674 4525 5278 9722 6719 7296 1209 5834 1241 845 5374 3470 9443 7971 5358 1846 4985 
85 8324 6926 1433 8517 4825 2314 9081 4234 7948 300 3914 
86 1170 6255 7231 4771 2521 3216 3044 6933 7951 4915 6196 6980 9075 5848 
87 739 8492 6857 4761 9116 9200 3058 7697 9104 1752 478 1383 2569 
88 3271 3203 1344 136 1583 1838 3413 1514 2048 4898 7456 6305 133 1808 1117 2760 843 2555 
89 2704 5589 8934 142 117 4231 5882 2286 114 9025 8537 2901 131 9442 1934 925 
90 195 9864 4790 6812 2362 217 5837 5144 973 4003 3575 
91 1029 6418 6646 5918 426 3550 9674 2279 2236 8142 523 1289 
92 3728 8296 2637 2688 1701 5148 8150 4414 5426 8536 3675 1134 5848 647 
93 728 7242 477 158 7225 6457 6539 3682 9454 6687 8456 
94 6168 8854 5818 3504 2674 2188 905 9345 6500 8973 4843 6948 3919 7413 5775 9444 
95 8033 9115 9180 760 9118 2429 4621 1193 129 4931 5898 
96 695 8291 421 9239 59 9310 5135 7359 7593 3362 6970 447 
97 7516 3494 9513 4441 8114 4863 5597 5184 3175 5524 368 6547 
98 7620 9014 2975 3876 2076 5760 5109 2633 1558 5853 7732 732 
99 1527 7311 6176 8673 9621 9590 5967 6113 1165 1988 6712 9003 3836 3982 
100 6607 3646 135 2732 8787 6116 6489 7275 8597 1982 8497 4886 9990 4639 3521 
101 1675 1694 6619 6667 1032 1736 123 3592 5316 2679 4806 8151 75 9341 6603 2771 7669 
102 5658 4240 2591 3809 8920 1637 5078 3291 1685 7196 1754 564 1471 5045 755 
103 3744 7073 3546 938 7758 6081 7300 2084 8919 574 
104 6171 1260 9064 713 9302 1378 8852 51 9101 2342 335 5391 7148 7179 5848 4765 
105 3946 6161 4485 8659 6940 319 5503 3293 9666 7682 6644 7471 2267 443 238 7285 2986 8462 
106 5 7880 9088 8304 4758 9571 5036 2114 4594 3707 498 5063 6467 1358 8145 3023 6101 2630 1668 
107 7251 2181 4097 1963 205 5821 6107 1000 298 7160 6732 7547 4091 3981 
108 1339 9691 7100 321 1698 9947 8995 3302 913 2887 6088 1204 1670 9135 4925 761 6060 
109 6157 2913 6700 3388 25 9090 7254 8764 3215 8381 4958 4928 4760 7795 4170 4176 935 
110 8006 5900 6318 2734 4723 6476 2605 3158 4096 5555 4766 8307 2060 9197 8284 1121 
111 7128 23 7213 5483 7207 7577 2239 188 1246 7816 4708 9850 1594 1948 2190 7806 5445 199 
112 2400 5327 9257 769 9611 8013 4669 9795 4103 7983 8431 1900 
113 3329 3361 3128 6459 3839 4875 4421 6213 7666 3131 2449 5746 4948 1710 1401 3316 
114 1998 4454 7866 507 3673 4824 1809 3149 3567 1942 3939 5160 9149 5488 6061 6269 2437 
115 2174 2117 2238 2265 2813 8077 2299 2081 4614 9985 4547 7191 
116 5575 9787 4910 4217 8170 350 4149 1321 3190 6549 2892 6327 
117 5614 8307 583 5334 330 6943 6623 4518 4362 9800 4960 5768 5309 4571 3959 9162 7790 7296 
118 7034 4799 2157 6405 6301 6517 281 4230 8036 5167 2541 8943 6282 6020 
119 3577 1473 7598 716 1889 1999 3185 5935 165 5806 2443 3520 2760 1454 
120 1423 1155 7532 7284 2854 1022 3650 852 1036 2304 
121 2650 7632 4285 3104 8322 7955 7218 4303 3701 7233 2472 1429 7433 8896 7949 4901 
122 9555 5613 9509 7994 4220 2011 2997 3078 2641 5838 
123 5246 2332 2311 8962 1674 3711 2810 9893 8572 5801 
124 152 7660 2168 9229 7019 8952 9776 8581 4351 476 7652 
125 6518 2041 1991 3337 6194 5796 83 6870 2226 2956 6584 1757 1916 
126 8803 8069 4150 5966 5734 3476 9210 8455 6401 5940 419 5158 4999 4069 4314 5064 
127 9819 5792 9753 9109 9093 328 4162 7689 9551 1907 6491 4598 5232 690 7883 
128 12 5024 7727 9654 1035 9061 1050 8301 2172 9728 6625 4752 1763 
129 68 3378 4366 3870 8139 6801 7664 6627 5530 8669 3975 6503 8105 6967 
130 8520 6907 7069 1522 4604 5402 1168 2418 4578 1038 1550 9219 5446 3371 
131 3441 9782 1794 8552 3894 1081 8460 8829 6098 3177 1288 2067 7896 7240 5880 
132 3318 342 3941 5269 1589 6562 2575 3660 9614 4129 1763 
133 1109 490 635 408 5181 5197 9567 2839 5120 6153 
134 6868 6973 2660 5106 215 2102 7574 2495 9420 4218 6062 3916 
135 702 825 5412 992 682 847 8547 6138 6230 2706 2244 7936 8947 3610 2 7575 
136 6896 4066 9796 6420 2490 1420 547 8740 6555 4546 1515 183 
137 5133 2308 7176 4902 1098 4123 8601 9522 1241 6614 3860 1901 652 
138 8412 1830 9096 4408 3756 968 6813 4972 7565 2700 9087 4340 4855 
139 6079 2670 5926 3479 4538 7326 4514 2087 9872 7184 7331 5111 369 
140 9181 2548 5662 1170 6590 2354 5663 3301 5642 2685 8332 6327 4967 8671 
141 2212 2485 560 3387 5844 8686 3780 204 7174 6709 7868 4679 
142 8234 4447 8463 798 2474 8449 9183 4032 9900 8819 9178 
143 3403 1684 9618 9417 2691 7328 9612 6575 1646 6512 9191 9107 8406 3885 
144 2148 5985 2534 8991 2391 373 2014 9450 3814 1111 818 4269 1125 
145 3055 3992 951 7836 564 5241 7144 8405 874 1532 4882 3567 8912 1739 
146 1774 6613 7310 9284 5193 5875 4330 5750 5606 4481 4506 8486 3387 4117 1762 3012 
147 5378 453 1917 6445 2652 6523 2425 5908 7853 1938 3344 
148 8505 1883 134 4019 6278 2576 1550 5883 203 687 1531 9139 1552 7883 6778 
149 9073 1600 9739 4037 6506 194 2444 2743 7793 1853 116 1800 1287 9075 
150 7590 4729 3119 2185 1334 7433 2203 2647 7877 7007 5448 6838 4488 219 5103 7405 1206 311 
151 3069 7249 985 8964 5830 5324 6295 3451 2457 1743 1354 979 
152 436 2229 3297 2906 7338 6931 2291 8945 169 7856 9783 4154 7902 7732 
153 5276 2840 4761 242 4160 5540 6797 3243 6273 9495 
154 5745 8317 1368 9667 3426 7388 5040 8766 3644 1275 834 
155 3283 57 5839 6568 3281 38 6733 67 5711 1134 2409 9533 
156 2880 3126 4317 5041 7159 3923 843 4774 6311 2594 5180 1698 8351 
157 7183 7072 6791 681 8902 4090 6159 9887 9308 6403 2491 
158 7269 7986 8324 72 8645 9544 6207 3287 2183 4418 7997 2306 8531 6306 4352 
159 6639 5242 1941 5464 8770 3791 4722 615 837 9911 3664 1925 8212 2904 
160 4685 9395 8836 7314 684 5805 8444 6788 6487 6866 6086 3254 3528 7579 4526 4180 
161 323 9065 2559 2268 1776 3533 7362 4988 3483 3225 9228 8849 6672 6192 8696 6922 450 
162 8624 8161 5844 1348 1028 9585 7179 9739 7969 7323 1366 9005 155 1542 3877 8130 8848 
163 3723 3857 2480 2140 7486 3199 6452 5956 3490 9253 8619 4380 6030 
164 7914 306 2374 6578 6552 9593 6494 6521 7859 2416 505 9268 2856 
165 3199 7226 3553 6853 4250 8969 1500 3154 5264 5841 7436 1605 3822 2797 8506 6296 
166 9288 6629 287 1192 8382 5536 1894 7304 8586 3915 1343 7180 
167 4370 3041 4683 2673 4996 644 1642 6372 5502 2804 1036 7852 
168 1561 4143 6554 7245 1680 5999 8958 4476 8768 746 3125 5826 6321 9496 
169 8702 6768 5651 936 3279 863 41 8884 642 8553 7514 345 1741 1305 8293 
170 2971 7344 3969 6248 9458 7419 6641 6125 2989 4166 3079 6099 7652 1668 
171 5561 3731 1986 7552 8052 1495 825 3534 5191 930 5503 2960 7751 8065 7413 1868 6482 7883 
172 3665 9471 9273 1411 8984 6714 3162 1653 1362 1479 1491 5925 6652 
173 6571 6577 2275 4923 7089 7278 612 3012 282 6831 3486 7491 2895 6836 625 9733 4314 7240 5401 9404 
174 5381 3525 7211 7547 4184 3340 4697 2855 9207 3492 4628 
175 576 1860 5753 9034 4039 3371 6542 2044 4838 9802 1367 
176 4931 5491 5044 9159 8309 1415 4209 95 77 2158 2365 5077 3828 560 5193 321 
177 1279 5294 7633 7820 3703 736 9077 5297 9927 4921 5535 3020 4357 7864 2327 
178 8224 2456 3623 9112 1752 8073 7377 3612 742 5001 9103 7461 4302 7517 
179 6996 1371 7353 4443 3466 3034 5023 6758 2701 9892 580 574 3521 991 
180 668 8336 3835 572 2968 6631 4051 7293 6803 7336 500 7416 9449 9461 719 
181 3747 9032 456 1654 6448 4736 4267 594 5281 9326 385 8333 7153 
182 5595 3952 4888 6989 7531 3461 6884 5314 716 9462 8920 5762 
183 8385 2402 3416 6533 2119 6010 649 9980 2874 8423 
184 8910 1186 1832 570 7022 214 8003 9232 2007 3082 7985 5507 8043 4909 
185 3801 4297 6188 2081 8074 3544 2092 7613 6446 6114 5584 1628 2422 
186 433 5924 9572 5811 2322 8136 4265 6933 1629 8227 960 90 7634 84 4377 
187 7263 1844 931 2464 7965 8622 1474 3695 9587 7397 4727 5909 4909 
188 630 2113 2566 3201 9304 4564 2845 4846 5155 9885 13 9362 5997 5869 
189 506 3813 4610 5104 733 4050 2239 3649 6590 8247 2368 4880 2598 7120 
190 9377 7943 9182 542 8527 5148 8100 505 6927 5385 4612 5862 
191 6511 7654 9530 2498 2307 2781 5357 1975 6047 2039 3303 6343 
192 8346 6655 4814 5537 6463 6616 6633 1863 2698 6145 3106 3565 3728 
193 8031 2482 2683 4987 5497 9941 6759 7628 8020 8450 2346 782 5437 5099 8396 935 
194 1626 8279 7453 1938 653 9646 1951 9476 7289 3638 3970 5899 3032 9930 
195 8707 6109 7500 8779 2546 1590 1158 8415 4086 469 475 7285 
196 8616 7865 9116 7658 152 8464 6289 1135 4100 6861 6962 321 
197 7973 4071 3102 9214 1347 2537 2507 4927 8460 7723 6348 3937 6404 7088 
198 7695 3227 6546 3769 3037 9280 1620 2451 9129 
199 5730 1644 5995 7925 6695 5893 7291 2977 9943 9664 3991 5452 3174 4971 9573 
200 5267 9052 8670 3402 1915 1470 3398 5463 5150 417 4977 1780 796 9349 9615 9898 79 
201 3176 1520 5277 3081 451 5780 3224 7098 5380 5686 873 6778 7756 4129 
202 6958 1586 2194 3152 2045 107 8029 6461 3016 5890 7965 5341 30 4457 7992 6049 
203 2619 3722 944 6559 2080 2687 578 7503 5120 40 6137 
204 9686 5710 7949 8387 8045 894 4396 1483 7915 5436 1917 1731 
205 9670 2664 4541 7685 6901 5693 6484 5590 1937 9986 1328 5677 
206 5664 237 3043 661 2940 7501 1140 2563 1408 486 3257 8589 5899 1512 2340 
207 1689 7987 7575 765 1308 6363 445 2684 4985 813 7011 9598 7049 9841 3905 
208 5364 2178 9360 2657 2585 2245 375 5415 3491 2327 3103 
209 6013 502 1849 1390 3174 8226 3423 2658 8801 8221 259 1572 2892 
210 1781 5543 7731 53 5913 8191 5583 7706 3284 5967 9042 6782 7155 285 5846 4314 
211 8886 2972 7935 3464 3645 9098 315 9465 3601 1625 6218 9560 6938 8711 
212 4806 4028 8576 7192 2450 5598 6732 4522 3812 3597 
213 5739 9079 8414 7029 1990 428 3027 3773 5092 9558 9337 4340 1534 
214 7010 2868 1255 3288 8573 4281 4574 400 6725 9432 7108 5804 8134 352 
215 4479 7986 4545 5346 1663 9768 8128 343 8856 2589 4341 
216 2932 9222 4890 6254 1151 148 4422 8676 7315 1725 3580 4728 2320 8005 4959 4326 
217 9372 8686 7641 1389 2745 5551 685 2054 6389 6140 6351 5884 6117 9606 8881 6986 
218 2896 1301 3548 5631 4495 5300 4060 4896 7550 6151 2120 8423 4348 3004 9301 5546 557 3144 2615 9007 
219 9261 4319 884 7830 2198 797 9223 4623 2912 8042 2906 3823 399 
220 9813 3351 2318 3689 9236 9067 944 8745 861 3299 8411 4326 7296 
221 6037 5420 2343 9752 4409 1145 744 4237 532 9928 7205 7447 6986 3304 6692 
222 876 6552 4095 1094 4002 7282 3993 3953 4744 4762 1159 1353 2662 238 
223 3105 9866 1144 7116 70 7009 3404 8725 8199 7885 1884 4180 
224 8585 4583 7551 1560 2948 1239 4519 5568 3421 977 6827 
225 8356 1096 3169 9952 766 8746 5186 7288 8429 5981 8636 3229 7438 
226 5504 1814 8178 5840 4004 6774 6153 66 6381 3210 6081 9006 1864 1106 8176 8257 
227 6602 7839 8968 32 1727 5877 8813 6178 5740 8994 9503 8672 7486 5026 3795 9206 
228 8915 2941 2990 4789 3870 2710 8485 7450 1128 4385 
229 375 6651 8389 2590 9686 6522 1764 851 2118 1079 6938 8495 
230 5640 9644 4647 3627 3278 9911 6384 2816 6264 6432 9160 3427 3783 
231 5456 8175 2452 6103 408 7210 7214 6893 2068 7002 447 867 6082 5458 
232 5500 4249 9186 7198 9771 1713 8393 3296 3750 4981 392 8195 3099 84 6613 
233 3007 676 3439 7318 8927 3409 6673 8250 3383 2325 1540 1462 8335 8947 7113 934 7681 8728 5869 1058 
234 2025 8439 2841 8750 113 5996 9497 6380 206 3534 3285 1841 5254 6320 7439 1343 4199 
235 1923 3304 5683 3116 6897 6723 6939 2027 9089 4844 9889 1270 3108 3173 3884 8343 
236 1724 7958 3105 62 4553 7217 7667 7649 2607 1607 6465 
237 5514 4472 4666 5997 6702 7535 1367 1837 3510 1243 22 9872 9510 601 9026 
238 1943 1869 6659 3842 3367 5624 7162 7609 1063 4877 3574 2010 1774 
239 8280 836 3063 9076 1033 8331 5915 6628 6184 3391 6244 259 8644 
240 448 9867 2978 4576 7076 9947 5944 9663 5141 7172 1092 9259 6675 
241 5618 334 2794 4400 5543 5027 3266 197 9797 284 4103 9453 
242 7452 4706 6908 6760 1883 835 7327 398 883 7778 8043 
243 2621 91 2225 9610 5340 2665 8019 2838 1870 5302 4506 5638 2209 
244 5274 6583 6225 500 8078 2333 1618 4976 3942 4455 2184 10 8599 7575 
245 1635 5202 3647 4817 6441 6206 3129 3938 971 
246 1501 767 3375 5296 964 7887 6114 647 5139 3590 5927 6347 352 
247 8895 1229 2918 5959 1755 1924 4349 5870 61 6437 3255 8687 3006 8830 9834 
248 8293 5625 3735 1336 9231 8966 4851 1827 3803 1609 122 1745 2327 937 3376 
249 9711 8668 8762 587 2878 6205 9626 6194 9473 6053 5677 
250 2608 8542 6607 6710 2778 4611 509 1271 3818 2818 2533 
251 7036 1803 7140 4951 6004 3169 2982 7354 7576 1002 7553 4035 
252 5763 4349 3179 8550 9487 3927 6963 2823 4320 8263 5902 2915 6785 9842 
253 1087 890 2401 7485 5337 9967 2243 7096 1319 3014 132 
254 5532 190 4128 2040 232 9169 2612 2484 8024 9411 9779 
255 3356 1370 9812 9046 8989 1545 5301 7619 6234 1881 4687 2911 9834 
256 7726 7222 5921 3606 995 1357 4316 1667 6757 2885 5688 4346 6538 
257 8331 5498 6663 503 6040 125 6355 573 4144 4605 8630 4356 
258 218 9980 6683 1878 2078 3811 4412 8438 4861 2733 1954 1601 4027 
259 5939 4631 6440 6688 5048 1914 1857 7081 970 9453 9224 148 
260 502 6279 150 5016 5282 3380 97 5091 1345 9816 5445 
261 3716 1015 8422 2854 43 2108 4313 9500 4859 858 4423 7736 
262 5803 2681 9804 4049 5868 8383 6843 2115 4528 6038 809 6849 8362 
263 1226 4243 5265 7665 4987 9795 9285 3341 4467 704 5427 5166 7782 6101 
264 627 5508 9528 6015 365 6530 8622 1719 137 2376 1377 6612 6603 8658 
265 397 3474 1082 7048 5809 7350 7360 6429 7471 1611 2380 8468 6259 2411 5507 2643 1984 
266 587 5216 8967 7933 7427 5421 7460 1585 801 1073 2097 8800 979 
267 5418 103 4238 6373 1602 2378 3091 8447 4053 2102 7791 5307 9930 8832 2962 7153 
268 5524 1463 4708 8511 1978 3617 320 9246 948 1736 
269 2164 1038 271 9838 9128 1606 6379 7678 9790 9584 8336 9205 3586 
270 9437 2061 5227 2520 3840 460 1664 591 6063 5451 1454 
271 9915 7496 3820 2021 677 5735 8054 9600 2775 2162 7365 8611 9624 7391 6434 8711 7699 6938 
272 2032 8697 3446 1547 3095 7170 866 5122 7918 4199 6179 5229 2274 4299 5304 1175 1465 
273 1228 4686 4586 377 274 3505 8197 7784 7919 5769 5344 2898 1557 374 
274 8118 6988 2091 5950 666 4214 5259 5506 1735 5032 960 1496 352 3836 6101 
275 8488 5285 3161 2073 8196 5660 3571 2434 3347 6962 5286 5752 2962 5445 
276 9016 9256 6493 2292 488 7878 1292 5340 3759 4111 6375 4024 2304 8491 
277 5455 5378 2433 658 2749 7458 9004 5799 8949 6090 9757 1714 1534 7120 1105 9007 
278 8088 3600 29 1324 5988 9653 3775 3455 6424 7289 
279 842 4261 7480 8876 7783 5675 7388 7389 6906 8515 6592 2611 8116 
280 471 7052 5548 1639 6325 624 8834 1127 8037 5204 6060 3064 105 420 7659 2121 
281 8214 1405 917 1259 8281 3030 2510 4802 2785 1960 1376 3656 8248 8989 6044 9244 
282 8484 6945 5572 1797 4977 2122 2725 743 9746 3678 6165 2205 8378 8428 
283 2116 7156 2928 7130 7322 2675 2210 5977 5436 4878 4539 
284 3784 8383 279 7110 5256 4916 1053 4992 1509 9009 9979 5002 2422 
285 3735 7942 1517 1239 8121 9311 923 1906 7234 4277 9086 8812 
286 172 9402 4034 2191 5945 61 1933 3831 8350 7010 9974 6173 6650 8343 7517 
287 6680 2453 7493 48 6185 8922 3314 6490 6636 1481 3787 9635 1510 1238 
288 7111 5885 6247 9439 3692 5471 5439 7463 2473 1083 7356 5964 1538 8844 691 1429 
289 916 1574 6947 6497 6205 1212 4862 8956 1285 1286 1569 7968 
290 9250 5895 7644 9756 6926 905 6263 6640 2193 5833 447 
291 207 5392 6570 15 9938 3324 5849 2864 7706 5509 3205 5609 8889 7467 8125 3103 
292 2751 8996 1926 3210 1226 4899 89 5137 4131 6360 3240 8005 
293 8477 5052 7536 6599 5090 3891 9094 1584 6160 4744 8432 3403 5442 3883 395 7732 8387 
294 9944 1880 7357 9099 3294 4061 2635 1807 1178 2698 7569 7806 
295 3121 1564 6604 2448 3917 7721 2119 3315 7373 1315 4392 
296 84 3726 3837 792 3063 8230 4966 2445 8901 2584 2377 8173 3407 5387 2513 
297 3512 1493 7305 9184 9882 8091 6738 3743 8336 1552 8716 3427 7240 
298 4852 9678 4611 5773 2535 3276 7079 526 1575 1833 3111 1576 1175 2651 
299 4869 8847 5385 9621 8041 8648 1634 5402 3850 1049 8891 5775 1625 
300 341 7913 9408 5704 6878 4601 9937 2669 1337 238 3792 
301 9353 6897 3791 3687 862 8730 5154 4465 1062 7766 7252 6549 
302 1691 1903 8774 8047 7219 5130 2436 6233 9216 1406 6236 7709 2052 5326 
303 5572 9460 8903 2435 2757 8405 4490 886 9020 6274 9153 4801 6771 4626 8406 3043 7880 7413 8125 
304 5444 9013 5578 9504 2997 7760 5729 5380 4094 1705 5677 8599 8284 
305 9211 548 1513 4739 7911 4201 9100 3482 1096 8501 552 4176 
306 5510 5062 3768 5011 3436 4501 6426 7520 5004 4300 552 
307 8988 5179 5442 9278 351 3622 6694 3587 6133 9565 527 7762 
308 6064 9939 6937 7012 756 7543 2371 4750 8689 146 590 9991 
309 6450 1268 7623 577 5603 7097 6704 7538 652 4958 
310 2492 3674 6393 7407 4687 2716 3551 6383 4422 9713 7710 
311 5567 2018 6589 6527 3353 2455 4442 962 5425 3316 9483 8644 
312 2361 4404 9961 7152 1439 5205 1982 4809 3888 3738 3172 9129 
313 5283 9712 9709 5676 9123 6696 7831 2106 6515 3569 7764 7194 7558 6011 7055 2986 
314 9539 7963 8545 4018 1490 7106 5161 8203 9276 7012 
315 6556 5058 6340 9018 7539 4383 4055 5563 794 7163 3089 4377 
316 7238 2557 2294 4630 5261 9719 2347 5956 1993 4373 3316 
317 9873 8517 8443 1275 1265 372 9482 6516 5667 6096 3539 9129 
318 8898 5157 6579 3848 5851 9334 2216 2134 225 9467 
319 4936 5186 7659 3500 5608 2058 386 2592 6483 7204 6537 6739 5654 9436 7615 8832 
320 9292 6855 2263 2821 3559 6260 4837 7274 6613 1306 6318 6476 5166 9289 3234 300 3077 
321 5914 6241 5541 9589 7047 170 5433 6116 3875 4707 6519 835 2421 2666 2240 
322 9115 520 4532 5219 6805 1703 29 3671 4958 7647 7502 9075 5172 3507 1934 4507 
323 4270 1212 9552 7608 2573 9942 8496 1431 3003 5698 5437 7709 
324 5481 1605 1804 3243 4748 3227 481 5540 8216 6800 6196 
325 4820 3400 2961 1174 7273 8124 5235 8788 864 470 8212 1850 6772 7438 
326 1025 1359 8557 8424 4895 2726 3725 3666 7573 834 8722 
327 2801 8625 5238 1340 2058 7112 5619 225 8980 3068 8487 3061 6054 
328 3839 888 929 3799 9041 2392 6480 3998 6499 7797 220 9787 7656 3638 2729 7673 
329 9579 5382 4981 2029 2319 4955 8576 390 939 674 7142 9145 6737 2904 
330 6350 2399 6966 9125 8294 8115 8066 2572 9387 4382 2583 4020 3877 
331 1528 4536 5208 1662 7208 1902 9119 5635 2110 1142 8803 
332 1908 7033 551 9008 98 7239 8271 4628 2535 2952 7788 7691 2846 1647 5156 7949 
333 7307 4182 8308 7506 2390 626 7271 1045 7743 3428 1075 110 6547 
334 4653 3506 17 2028 2159 738 7862 2133 2348 5517 325 2619 5784 7902 3207 9129 3012 
335 1166 7959 2853 1892 844 5124 2672 8215 4020 7296 1534 
336 5920 7311 6518 1402 2639 1563 655 6888 9226 4706 3493 4504 2260 2264 7568 
337 6703 7086 7403 3651 2253 3835 5328 5255 9141 604 5547 7240 
338 6635 915 4787 4440 7522 8237 8079 4100 8444 2146 4202 4749 267 2383 4639 6092 2414 
339 2553 3310 3054 7211 381 3496 612 2724 4674 2125 3596 2929 3074 
340 7861 5577 6557 1643 638 3726 294 1453 9243 3145 5132 139 2288 3728 
341 5292 4363 6993 3977 9217 4712 7498 6399 3657 8312 3680 56 
342 7861 164 4445 8378 8325 512 576 2445 1664 1643 5747 9359 2439 3186 3936 7266 
343 8168 7824 5652 6636 7043 805 8893 6083 1582 7175 3021 5846 2480 
344 1439 9274 4935 8044 5762 7398 3428 1825 841 9054 2767 6327 9075 
345 5128 6288 3654 3554 5110 2166 7741 1357 3923 2480 9968 
346 350 8546 4057 3714 247 7639 3396 8894 8247 7805 855 301 7133 
347 5425 71 4456 3051 7343 3849 126 3195 2151 4607 6436 2910 3111 
348 7653 7819 7581 3595 6520 9541 1461 4636 1129 3524 3466 5325 3491 3079 2155 5880 
349 4477 1354 3188 8398 3536 2694 8997 1417 2644 8116 
350 8210 8723 2155 5552 9966 605 973 4824 4113 8929 5134 2826 8809 9908 
351 5045 4897 1114 8399 6357 3448 4369 2695 971 8017 1121 2858 3032 979 427 
352 7818 2768 1003 9623 3516 5249 7091 6364 7578 919 6676 7050 2643 7883 3371 
353 3364 7027 6606 4181 2834 6925 425 933 7014 7657 4142 6598 3630 9040 
354 111 5912 4500 7051 6410 952 1807 2129 8917 8528 9074 9867 7998 3513 2555 
355 7999 2090 2057 1821 6097 1693 8901 2075 4602 
356 625 9634 7109 3309 124 8619 7309 4712 975 2877 9580 
357 8269 670 955 1649 8681 7417 750 9640 7115 9492 1093 6544 1905 3226 6494 5122 4326 
358 7466 2862 9438 9582 3067 8441 7180 2566 5596 1909 8363 
359 3601 1019 937 4324 811 3968 5813 6439 8602 5659 7912 5002 2218 2774 8830 8130 
360 3698 1573 567 3389 8270 5682 3237 5513 5416 5815 8189 7686 7950 
361 2003 5671 2514 2716 4126 2251 252 8918 2026 5661 8504 4357 9940 6610 420 1668 
362 5007 6839 4012 3562 8675 5789 8554 2170 8401 1277 5754 3427 9594 2790 
363 4988 2600 6929 8818 2869 44 8741 5631 8398 4593 2685 
364 4693 6618 4234 94 7745 8057 7768 4559 8569 9950 8467 8267 9080 3032 
365 202 9696 153 8130 7390 7376 2752 9418 596 8068 7027 2897 762 5138 5817 9533 5869 
366 9643 3824 2023 9312 8244 8388 878 9314 2541 1492 6406 6802 
367 3713 9931 8082 1758 5319 5640 333 2671 8733 6611 843 7001 
368 2772 8888 5743 6259 3805 2590 3338 8059 8903 2413 6258 
369 6830 4775 5400 2980 9170 7915 7166 4075 4692 4888 5072 
370 3123 3619 4336 4660 497 7845 2661 7856 3878 6485 6547 4509 6632 1259 3343 5898 
371 5601 6842 9656 3122 3641 4863 2943 7978 2789 4751 4025 6388 4643 2753 8146 9848 3144 
372 9277 5557 9886 8660 4829 9288 4940 1394 1662 2465 7294 5604 7429 
373 7589 9298 7288 119 96 600 3074 778 3492 644 6537 5783 
374 7847 4054 7662 6134 7824 1932 3418 1278 6498 1549 2349 
375 550 9792 5790 7884 5867 3686 9308 2201 5629 599 3955 9374 3781 1774 4400 4151 7880 
376 4620 6752 2257 5264 8558 5512 3196 8435 8618 8642 9688 1139 1216 1710 3077 
377 5372 5938 1995 6056 2993 4158 5444 9829 4159 5060 1523 3371 4311 2986 
378 229 9669 2038 309 6290 9506 2610 3971 9774 7829 1708 9604 5053 9023 7864 
379 3436 1320 9146 7368 6752 8096 3062 7538 9657 6281 9270 
380 3894 5770 9123 3408 1375 4293 5118 1249 871 64 8824 8961 193 2615 5715 6547 
381 2817 254 1639 2450 5082 7442 3988 4192 7435 5262 3146 3807 4079 4415 3463 2271 5253 7782 9199 
382 525 211 8549 7980 7637 3721 2415 4482 7299 55 7776 3346 
383 8076 2602 4702 8532 9291 1247 6398 2843 3186 9451 8445 4070 2627 4774 7138 569 
384 6702 489 9172 4433 4191 3422 4147 4608 4606 8775 8030 2273 4778 6726 8621 356 6827 
385 2737 588 2516 2998 6929 1024 5372 3215 4348 8724 9306 7243 2962 2340 
386 8029 4672 1852 640 603 5431 4393 3005 5397 4035 7528 7 2388 9410 2680 4198 6030 457 5715 7922 3004 7762 
387 7429 1000 5913 2683 8970 9660 270 7916 8039 3056 422 7258 9903 
388 3438 1137 1149 6971 8772 3669 7153 6319 2260 1461 9926 461 8015 780 3936 352 
389 4016 3113 2269 2717 5579 2823 3421 5611 3038 9091 88 
390 5941 1806 7873 7146 6297 2377 8032 4309 1183 2083 4345 1871 
391 2707 1913 820 5454 1364 5175 3048 3770 1332 2012 9037 2297 1450 9160 
392 2017 5533 4732 6817 6794 5976 256 6738 5874 2586 8375 9990 1125 
393 5348 5554 4047 2217 7718 5991 2054 6527 8639 2454 4385 2 
394 4411 7662 9969 2272 7418 5820 310 7121 9479 5812 6073 420 7736 
395 4560 8458 1666 5251 1117 4502 230 4043 6394 9452 634 8716 3830 
396 6825 9610 9726 2143 1555 5669 5343 3264 4938 6901 7044 5412 
397 4871 9253 8887 6265 5147 6108 757 6093 2999 5465 6336 2114 8418 
398 8165 7608 9616 7733 3136 978 5975 8252 4101 829 9852 5677 
399 2715 8857 7808 4065 2702 9307 9202 192 1520 1761 8910 79 
400 2288 9543 5716 1947 9775 3047 3200 1330 9033 7671 4121 1701 2653 2603 5457 3240 
401 7382 7974 1935 896 726 1319 73 1475 1984 4339 8736 7964 3149 3008 3758 
402 8108 8361 1042 2347 921 7177 1660 8195 8590 5354 8148 9036 2699 5214 4054 9842 437 6635 
403 9469 8071 3454 4498 3607 9710 3625 7936 6875 6131 5904 2086 182 3521 
404 2801 4908 1839 93 678 3822 5832 5681 2471 937 1256 3700 5785 7874 
405 8028 4664 657 6573 4993 6139 6537 7022 2749 6021 7443 118 2215 336 9707 1657 8649 
406 3966 4496 537 8483 1868 6919 5405 7092 9520 3212 5821 7665 912 4558 7568 
407 3522 6581 7175 8617 9992 6208 4185 856 7119 8775 1546 3877 
408 4276 7265 9013 2399 4343 3934 8152 5225 536 9213 4416 5014 6486 1238 
409 8578 2419 3873 651 6091 1516 1106 3910 1133 7286 1905 6584 6538 
410 3611 870 9419 5683 6563 1787 2361 5271 2488 9129 3936 
411 7371 7351 8946 9174 6820 2549 7512 9824 4284 8186 8814 5788 
412 4338 2531 344 2953 8556 6818 324 6858 705 8756 2288 
413 4543 1187 5435 8685 5349 6909 2784 2153 7972 1102 3829 7725 4403 761 7206 3982 
414 9958 3913 6481 7801 1562 3508 4738 3605 2124 8140 753 
415 6328 5194 3557 4212 632 7312 7257 883 1795 8976 9909 7977 9032 7438 
416 9704 1163 8620 7089 5079 4602 5132 2793 9729 6727 6326 1105 
417 860 8179 8839 4324 5328 8059 6118 6111 3217 1608 177 2240 7997 
418 3261 6240 7302 9694 1487 6892 4478 8236 7776 1842 4187 6798 
419 9370 8655 4847 2336 8009 2174 2849 7908 8200 1973 5962 
420 3032 5905 6007 5702 4831 5095 3159 176 4098 3635 4522 9693 4356 6455 5245 5520 5043 1784 
421 6371 1783 712 2765 5647 8974 7199 2623 6814 8612 5783 3543 
422 3197 921 3164 3139 3103 9736 6227 9997 6796 2440 577 1455 9354 9244 6672 
423 9192 1037 1760 4942 1089 4737 1374 8886 5127 3815 1476 
424 2985 6245 6979 5858 6674 8986 7391 9641 2980 2735 6174 5961 2578 4680 2013 569 
425 8386 2655 852 8092 409 8587 8334 8975 9106 7366 709 7888 9197 
426 6995 9384 1726 4705 3363 9306 1074 4372 7577 9499 7200 6809 1116 4081 5086 2412 6790 2013 
427 5930 1771 9745 1177 6346 6055 8867 7481 559 3912 788 6515 3163 
428 3663 779 8502 7799 231 3246 8811 5828 6376 1238 
429 8075 897 6821 9857 6413 6337 4437 3677 2136 9455 3832 656 3964 5880 4624 6692 
430 6872 2329 4633 8371 3406 2 5293 2290 2497 166 8037 6482 
431 3219 9429 9024 382 2920 5422 9358 491 4386 3543 
432 3090 5119 747 3081 4142 6539 8249 9108 5705 
433 1555 6014 8160 2609 251 5053 1430 6209 4136 2983 6920 8174 8879 5085 8642 616 5014 
434 8272 4684 953 4150 181 5823 2173 5759 5394 9586 9208 3437 802 3885 
435 2890 7603 2360 7708 2094 4554 5480 606 297 3320 9474 9107 2533 5322 2615 
436 3161 9405 5468 6987 5505 1724 8914 5655 5320 162 6416 7737 4784 
437 4589 932 5717 3134 1349 4067 2861 6707 9524 2155 1149 
438 7785 5443 3182 2848 78 4274 1318 1056 3339 3226 6863 2704 9968 
439 3989 1052 9860 8525 9071 2797 2334 4609 7216 6324 3023 5318 416 7899 780 
440 8533 9333 2258 5455 4996 3092 22 2677 3957 3292 9777 3147 5446 200 7545 5248 
441 3986 2134 2935 9367 6571 8818 6079 8126 967 3013 7266 
442 3168 4430 5146 5252 4341 3990 6002 3312 7822 5424 7670 5767 
443 1162 3804 2842 1150 5952 8454 957 2104 9537 518 6051 5298 6528 2902 7 
444 1372 9379 4681 8644 468 3578 4011 6501 6480 2519 3717 4484 7564 6712 3584 
445 8629 6968 1645 3498 171 1918 5231 4203 3357 9237 3766 6615 8209 
446 4841 2864 7264 3824 2097 6906 210 1720 5287 9801 176 1058 9032 2555 
447 6520 1234 4660 6720 4650 4656 909 6494 8771 2923 
448 6679 2900 2436 3382 6632 5847 7411 1115 1848 4870 3830 
449 7945 7242 199 5558 2381 3785 3929 1014 2285 557 783 5593 6470 
450 5957 2518 2111 9182 5549 3410 6220 4157 4573 3321 6054 8491 
451 2483 4531 6834 5240 4138 5329 5725 8027 1038 5748 766 5404 1560 6681 1535 427 
452 7233 9650 1272 1594 8457 1630 2931 330 8864 8223 9336 5767 2485 
453 3691 6228 1489 5971 4062 3355 326 6645 8758 2696 9687 2475 
454 2130 4800 7067 3552 2865 9459 5459 1005 6368 4689 4679 
455 4842 8285 4786 5518 3966 6637 7837 3761 3015 5569 9906 8027 8193 843 
456 2305 1363 1798 1333 2669 6238 3104 6142 4158 1544 3763 5989 3961 
457 6685 7250 6147 538 5523 9416 4172 8607 6411 9561 8748 1504 
458 4489 8470 9018 5385 7277 5948 7680 7700 8347 4944 9085 7889 7950 776 3163 5437 
459 3230 8155 6507 9903 624 3693 6755 8683 8687 7553 626 6006 9869 9519 8733 
460 6349 7030 8441 2159 4333 9811 4663 7537 1507 7222 3260 5339 9094 6949 79 9075 
461 5672 3922 8199 7967 8404 2950 8710 4617 4941 9197 
462 8596 5873 6740 6708 4497 6596 1011 5739 4934 
463 8521 9407 5529 3539 3754 3675 6386 5712 2242 2406 7909 925 951 8858 9848 4619 
464 2256 8368 5417 1742 9904 898 3525 355 2924 1269 7546 5800 1912 3052 4311 
465 8873 5998 6308 3450 7490 6315 3987 3523 7006 4921 8344 6021 
466 6232 6928 7735 2717 1026 2372 1537 2582 1270 3165 1942 5848 
467 108 1119 8430 9019 8221 8473 8379 7292 6339 773 7386 6750 2875 6134 
468 9718 3245 9022 2719 7563 9915 5267 1119 8718 2433 6465 8406 
469 5224 2934 2973 9737 7003 1789 7475 9662 9523 3672 4286 
470 3301 6472 14 4082 3211 3473 6883 6888 2221 8752 7023 4870 2155 8062 
471 2893 6795 2536 2147 3250 4045 3971 8097 7448 5323 5469 3397 4086 4912 8319 7454 9003 
472 9122 3182 7952 752 261 792 3591 1281 1494 7040 1407 1169 3207 6029 7762 6258 
473 3100 9308 5355 2015 3097 9682 1251 3477 7124 3368 3220 691 6270 7219 3584 
474 5156 3452 314 4770 9380 8908 5730 4434 3683 9059 2063 4881 9965 4985 1256 5880 
475 9589 3060 5401 6031 8851 5633 9070 3783 2519 2385 8047 4024 2263 3023 
476 9113 183 3329 8777 3271 4084 5291 7772 3286 9831 6217 4402 527 
477 1748 7428 4555 720 8040 1040 9472 5576 8107 1013 2340 
478 8760 2121 4061 5464 4597 4252 7516 7524 1160 8568 4372 8693 9940 6889 
479 6408 8778 4907 7773 7867 6106 1054 5515 2282 946 9096 7786 9295 2422 9533 6044 
480 6664 9914 2592 8083 3841 5602 3457 830 494 6177 3657 5389 4962 9224 
481 9475 8579 799 2386 6715 202 9166 3429 5514 2731 1199 1984 
482 4815 4184 8499 1425 9711 6540 806 6023 7601 8549 9459 5212 1668 183 
483 2925 2357 83 545 6407 4933 6876 8970 1902 8715 3662 6387 4855 
484 555 9409 9921 7306 5169 5388 1086 3912 6183 378 3086 7713 2904 
485 4588 3911 5238 8528 6600 4361 5795 1589 4159 2123 8965 2066 4290 8106 3753 450 
486 229 6201 9102 7663 6309 1472 2314 5428 1368 1146 5239 6296 7713 5340 
487 4443 3555 8529 6531 4485 224 3524 8614 4465 853 6701 
488 4800 6304 9933 7791 3995 4146 5470 6828 255 4024 7038 6285 3757 2052 
489 1610 9820 7055 5827 8941 5058 5037 4450 2564 6169 7470 1429 7771 1790 6467 
490 2758 6001 824 2979 3856 4286 7437 1549 748 4040 7346 3704 1956 
491 3821 6079 1002 9723 3658 5771 93 277 4200 6744 6258 
492 296 2552 3337 2163 4982 3602 9382 609 2863 7947 5534 9764 6258 1524 4399 6584 
493 2571 7103 9064 4001 7024 6595 4030 1329 8093 2961 3012 6538 7252 
494 8722 5202 6332 1896 7100 9299 4192 4848 568 6255 6048 4497 6895 3665 3320 
495 8469 7444 5876 1381 3009 4905 4292 4616 6005 9331 3235 2411 
496 2405 7369 2796 9210 3488 7639 6395 9534 4178 6560 6802 5322 
497 6182 6936 5463 7287 7489 1012 736 7394 8644 1383 3982 
498 9243 1663 6112 7035 6786 5785 5561 34 3570 4963 9050 8880 6251 8848 
499 4401 5637 293 1981 5733 5878 80 6293 8707 4521 8478 
