100
0 3299 6019 125 6304 4537 5483 2375 8442 6388 8779 6214 7294 7199 6296 32 3911 6024 9015 3138 5206 7665 5887 7887 8234 6533 799 5300 3307 3099 2681 5828 3729 5856 3819 3718 5968 9139 3144 3204 2610 4696 6723 3857 4509 8756 6884 427 604 1196 8893 1771 2777 4952 9032 9387 5398 511 2939 1799 8295 1941 3057 594 4346 737 7327 2966 7263 5071 7552 1420 2477 8319 7747 840 58 6412 4302 4729 8480 1594 8425 8740 9318 3441 2469 9514 2518 2429 3010 2184 9219 1694 5039 5321 4617 429 3354 3929 4292 
1 549 7837 7364 9912 8021 8018 2262 1339 9744 5611 951 6716 8839 2504 9670 6560 5285 6613 7520 2830 1850 7568 2520 614 8179 1656 9796 2756 4781 7783 3863 4291 7108 2602 1048 7551 8928 943 6774 7571 2701 3842 3724 2496 212 4594 5479 4756 1436 811 7840 693 9331 4105 6203 7779 3682 7390 3475 141 2113 7044 8411 4882 5145 2785 8660 7546 7740 3814 4480 8005 4018 1198 8639 6868 5957 9156 2472 6986 7426 7201 9474 5944 4840 9536 9284 3153 629 8710 314 6093 2524 6481 5329 4205 9103 601 3534 7039 6605 1914 2273 7019 5099 
2 2831 9648 5725 1259 3765 5485 1818 7762 9745 7659 4759 6572 6528 8212 3411 6399 4306 7925 2901 1782 3227 1314 9271 2992 3156 5846 4477 1271 3579 4726 4318 580 7163 1609 7217 1527 4165 3383 6862 6370 7868 2048 7395 9742 4015 1999 6931 3369 2761 6985 6261 1067 1427 3330 715 2532 4176 7126 3032 993 6744 1014 1701 1356 8173 957 3281 409 5609 593 852 1840 8178 4878 987 1649 1167 4585 6646 4355 3128 2422 6150 8620 9049 4281 2747 3326 9616 1932 3313 2906 7349 116 188 3446 2402 9443 
3 2225 7318 4782 8953 2282 5370 2741 2412 3203 6683 6410 3883 2742 30 2912 3594 7677 5591 5413 8801 6283 272 1897 17 492 7977 606 5826 819 8828 6563 9761 3199 1218 9817 8794 9353 3198 3257 5260 9622 4954 7814 3133 5123 5864 643 6459 5215 7999 9277 985 5452 4321 8020 2644 6898 3393 8409 2718 6958 3757 9379 1994 8678 771 4393 998 1146 4733 2619 7354 5997 4115 8267 5879 5602 7383 4365 3539 43 6711 3282 187 2828 9371 9274 7343 8418 650 1123 5902 8165 1542 7504 4995 7775 7047 9327 7454 5163 9118 
4 9708 7078 4054 5254 8747 8481 8650 1459 263 7739 6700 5158 3564 1284 4801 3245 6204 9784 6867 2062 4295 5441 1902 5829 730 918 4565 1966 9516 7956 9388 53 1936 6074 9372 9186 9357 2838 7994 2139 6920 8169 995 4030 3865 5818 9310 9893 7697 1552 8448 3474 5906 7082 4326 4521 6244 9238 8233 2356 2394 3922 1455 5237 4679 9702 1702 559 9900 1927 3066 6657 3499 6715 2886 6777 1804 5470 3177 2811 4479 2083 7478 3792 1120 8247 6499 4373 5841 525 5002 2952 8402 932 800 984 7234 7765 9406 9960 
5 8058 6243 9923 66 3856 2105 420 8574 7637 835 5696 9209 9706 7323 868 6251 8727 3694 5354 9520 2856 990 7965 2996 7120 5670 751 7842 2467 2307 6596 3609 8954 7791 8228 6872 364 4698 7511 804 2077 8515 2296 9437 2014 8929 4109 9016 3790 3240 3972 1642 6152 7741 4157 9382 4813 6341 8859 1829 78 1169 874 9455 8818 7425 1776 3638 867 7046 9824 507 8793 7857 7585 121 6606 4258 857 4282 5935 9138 2119 6491 5527 1336 4754 6365 401 8668 8271 8387 8784 
6 6367 1028 5068 7456 8917 562 6692 4927 4342 4119 6071 5516 2987 425 659 5236 5739 9918 6247 180 1984 5992 1791 5461 1499 841 6503 5381 566 3700 9522 7666 1405 3272 4976 1369 1304 2746 7095 8634 5023 4570 623 7064 288 228 8501 9454 797 4273 4530 7599 6053 1577 6284 2427 6691 9857 8317 3794 1021 5694 3042 9024 2436 3259 2293 8057 7335 4596 6979 6611 5665 4376 1921 1951 726 5109 763 5578 4323 1942 3436 2466 1081 8933 9181 6090 8108 2958 7465 7978 5088 2911 4683 5911 
7 2839 582 4408 1845 6886 1862 2079 8086 8876 4966 4412 4448 4099 7174 5878 9727 9044 2484 9057 4810 9400 8671 8973 2245 8680 5352 3943 539 6354 6292 2891 3544 4970 2261 4579 5628 4252 6919 5843 5054 509 2260 8262 98 1004 7094 4899 7258 387 7517 3907 6510 9974 1335 3109 9312 1475 7763 5830 1188 4497 6065 4822 7628 2405 5 1628 8101 318 9003 9809 7617 9023 7816 574 2773 8164 1039 6227 2111 7124 9972 6764 1171 8220 351 8800 9089 2857 5496 2321 9086 6940 8853 4906 
8 6507 1095 7564 5122 8313 2727 576 6312 8254 5901 6326 651 326 4535 6519 9294 5176 8227 7566 5334 6291 2046 8381 4489 8932 191 478 3210 6092 6592 6160 3852 7639 7446 7471 2946 1484 13 2318 8613 3919 3327 4361 8214 7990 1658 7525 4104 9859 7852 496 6929 2327 6863 2498 2844 8997 9835 9869 5976 2207 6846 7440 6425 365 2560 9201 6922 1566 3749 3858 7436 9208 9699 3094 9100 1173 4210 1399 3092 6287 2623 7764 8321 9259 9976 7684 3406 7355 902 9623 8078 6040 1587 4883 9075 1240 703 3728 6952 4856 5900 4873 
9 8581 8148 7713 5338 6382 1623 4256 8850 8022 4077 8739 9752 4245 634 7851 7620 6628 9107 8232 612 6390 7053 910 2973 3722 1654 4014 1222 8014 871 9102 4897 1604 1098 1886 2959 2977 4513 4475 8754 2632 6768 357 673 3457 4197 3642 8188 8422 637 6732 1989 451 2567 8427 5819 2197 5540 8809 7048 8428 575 7473 7338 3395 294 882 4950 6822 1152 9493 5188 8483 7608 489 8718 6934 3773 6380 1908 8452 8314 8743 1381 3306 3214 7701 7879 9741 9638 6401 8569 9686 3583 4715 1537 6230 5733 
10 3101 7560 5990 5139 9547 2858 9066 9106 5734 3664 3003 2679 6809 5811 3725 2806 1376 5566 148 1291 213 2348 1111 2066 5467 2140 309 3359 6494 7885 6935 3054 7937 3637 2900 5219 9485 4263 8570 7818 7537 7975 6106 4287 6771 2730 9214 6680 3674 3463 2446 2663 1633 4159 3051 9246 4060 8257 7907 4656 6906 2338 4506 4648 7952 6144 6869 9551 3064 8122 7518 7180 9639 2045 1807 4664 4629 2551 6778 8033 9295 6385 4251 1002 3421 9573 4527 416 8774 9973 4573 3523 1747 6391 3269 2259 754 3595 2401 5726 5305 7501 4933 4872 3483 776 3363 3223 6996 3400 4112 
11 3486 2090 5800 3949 5179 2193 5061 4571 1906 2215 4037 4660 7853 4400 2071 2249 9037 7032 6674 5038 9119 5106 436 5222 6089 3254 8469 9568 1191 2853 1728 5601 3824 7838 134 2464 5202 8846 3762 2616 9749 5101 5814 8259 9715 112 7297 270 5815 5012 5040 2460 8037 9548 2181 9874 5041 7928 7307 8079 1379 6796 4624 7000 3273 5392 8969 7433 8979 25 9902 6422 7866 7123 6754 3018 7699 2892 5786 1368 5729 3465 4392 6403 3251 1698 9193 1676 2676 4560 300 7549 271 8190 6072 1275 7890 
12 1442 1732 8041 922 7067 4542 1202 2986 4685 8434 6426 8053 2800 8069 8176 7370 7941 5624 4611 4487 3413 1342 5210 3511 7016 5248 8615 9580 877 2252 2591 9482 3118 6329 3777 1768 1797 3608 3875 4774 6377 5355 1270 1968 4972 4253 5812 3866 7320 7167 803 7558 1449 5208 5872 4310 9945 4670 5673 5005 2018 5341 5289 3021 8404 5242 9093 8438 7005 9815 2343 8742 6416 4677 1730 6167 635 9137 6419 7186 4046 9579 9464 5256 1431 50 6874 4844 5723 3341 8700 5788 3065 9364 5429 7195 7303 1664 4465 5630 204 303 5535 9962 
13 464 6311 3557 7285 1156 7463 7287 4671 5962 5877 8 6145 7068 184 3516 6890 1124 1223 7292 4967 305 2855 641 2052 1844 2710 6983 2700 9354 9840 1163 1031 753 1929 2749 5468 8520 4930 6745 1425 9094 2792 9628 5177 3828 909 1880 455 7729 2304 8537 3468 8651 670 1934 9867 8468 101 9882 6168 6041 5181 7671 7147 2161 3161 3881 4113 9617 6571 2552 3316 6976 5600 9369 4964 4279 7382 7085 5207 533 6003 6435 1075 3150 9500 9531 9958 3211 475 1358 2364 5093 3342 2864 241 
14 4708 8039 3676 8786 9916 8339 2840 4162 1013 5698 1825 2302 4221 7144 2049 4330 177 6599 9704 5069 4646 366 5722 5629 3232 4602 8502 3290 4960 9098 9248 2784 7506 9091 5035 9422 2084 4896 7944 4438 4848 8420 1094 5789 9556 3315 7641 6696 9807 8568 6779 695 2995 2383 9498 2085 4944 5840 869 3568 3571 8736 7076 4647 6479 6896 6878 6965 2795 6775 6960 7656 5021 6371 3008 891 319 4456 3115 6660 2648 1843 8854 37 3385 2156 6039 1910 2204 3070 1294 1288 5924 9069 8767 6337 
15 748 1724 5466 2244 4418 6271 1242 6238 3930 7375 5080 8336 7577 5606 1465 2538 3371 2650 2150 7924 2241 1340 4997 7894 8249 6843 2074 7133 2723 7798 7179 2317 9471 3502 2661 1742 6386 2683 4667 3798 8508 8752 402 5484 5359 9178 9707 5458 2035 865 5716 2905 2948 4540 5006 3601 1626 433 9886 4191 391 4247 5871 3033 2164 1193 6879 522 3527 4453 7722 7488 145 342 8763 6415 3586 8500 4319 888 5347 3417 1143 4202 4470 7731 4139 7913 3213 7523 7181 729 5316 5358 3522 2424 7505 7489 9042 7096 9767 
16 5738 6995 4644 6887 3145 6127 3456 9722 3460 7735 3558 3435 1961 9051 8707 2213 9070 8506 5286 1622 3921 3847 1866 5937 9629 5765 1751 7806 1811 7200 8938 8730 8218 1451 9892 8042 4996 9286 8857 3374 2588 1278 3297 8366 8878 1643 5391 5736 1667 403 5016 5618 2731 2554 7417 1403 1549 3803 2246 9631 2529 4436 9603 5475 9879 2957 4237 9542 9615 1137 5196 6285 1873 4203 4963 6789 7955 5850 6321 9858 1777 1957 1816 6550 1865 9433 9063 6228 1101 901 773 329 8281 5097 6848 7793 8245 9990 3439 
17 1057 3012 1214 8139 4085 6941 4751 2542 8698 5620 3717 1923 5495 6205 3073 259 8202 8513 7570 2043 7036 3810 7794 2217 9252 4212 9233 1119 5576 5402 6468 2108 394 8217 8533 3107 4020 2985 5456 4431 2898 6924 6130 1012 1679 9647 2635 7976 4898 7328 8551 8994 2154 8643 3288 5608 1038 6001 6411 4325 4459 941 3466 9762 8400 9320 5953 8686 7905 2606 8285 3733 6955 5755 6096 4389 666 2824 5925 590 4384 7832 7970 3606 2916 6795 921 5148 9065 6492 8941 1311 3598 8024 9068 5613 7831 2499 2622 4001 4760 3477 2100 
18 3572 7066 3120 1687 3691 8284 5432 2781 9018 1881 847 3591 5228 9029 3036 3196 8592 7689 9687 4610 5743 6088 1525 2907 248 1690 2775 4379 1025 6515 9949 4189 287 2483 4261 9395 2827 9910 5400 8175 2219 4654 3677 7136 1598 9033 2180 4749 5149 7209 9608 8714 3188 9993 7515 9078 501 7377 6320 2942 208 4776 9876 9510 3129 3353 388 8126 4520 4348 1105 5150 9365 94 1172 4449 7394 9851 4820 230 8219 1723 2258 2953 9376 2767 198 4231 2475 9588 1686 486 9343 7058 2486 3085 5662 4907 9760 
19 6063 8066 9582 2060 4023 7230 6654 7101 7929 8248 1212 3867 8789 7755 3286 8192 7669 7332 6582 4344 6670 8512 4313 2850 7315 8150 3403 3181 1801 3879 3890 2123 5056 8133 4623 5271 3044 928 5767 4332 2889 5192 7899 6525 4493 6249 8302 6358 4529 2653 5171 564 5570 9712 6430 6832 7627 745 926 8306 7476 4317 8906 6905 5545 3125 2670 2537 4932 876 1176 1199 8094 886 8174 8240 9153 5379 4378 3628 7122 8914 8842 6936 304 1663 3127 516 1113 195 9649 9587 9105 6977 7693 8862 2582 
20 5595 7607 1738 8687 2794 5952 3877 6022 2869 8068 6389 1753 5633 806 2316 7923 7428 9308 1836 722 9043 6844 2127 618 4052 578 2022 6245 1073 9953 2918 6157 4694 4505 3025 7376 8485 7149 7914 6870 28 8540 8830 9211 558 2238 8761 3685 8978 82 6349 5522 2454 9535 9229 8276 7413 2614 8497 4044 7103 8810 2257 317 8804 4581 9472 1875 685 8552 8965 8340 3975 949 1357 2543 8439 8776 736 7295 2799 8976 453 5032 7070 7972 1266 5493 3825 8450 6508 3774 8672 4354 8983 1506 6451 2938 
21 7309 8858 9625 4942 2769 9322 7464 9739 4770 8236 3940 6717 5147 4047 4712 2713 6037 2525 6825 5308 3019 929 4974 2478 7824 6556 6858 6708 7344 2893 8975 1296 7510 4861 4242 3851 3711 808 6433 6434 8664 1018 115 7434 6155 6060 2630 5749 6638 4739 6423 6115 5133 1572 2774 8185 8272 114 4969 337 2989 8159 8873 8530 9661 7687 5544 4366 4059 1345 7293 527 5062 2955 4953 8303 6465 9494 1360 6701 1956 2894 9434 4684 5199 8550 7918 4806 3966 4404 8356 5488 1673 4706 6485 8412 
22 4160 4710 96 9403 721 9250 171 7561 5744 3689 5683 1128 7636 3806 5173 2541 7811 6383 7148 3512 8265 3379 9634 8799 6535 5627 5961 1502 3082 3237 8868 6231 4832 8894 8401 4508 2752 2555 6017 1140 7495 9326 2174 3248 5640 8590 5646 6942 3024 3420 970 556 7819 4268 4797 5111 814 8388 1551 2342 4350 9342 2448 2388 3438 662 6794 4363 424 1338 3291 4164 1769 2743 1307 966 584 9778 2487 4208 859 3058 8030 3088 3961 8766 6225 5376 938 9001 5638 6542 2695 2652 6802 9251 5328 162 3660 157 2786 5235 4913 6469 5420 1349 3684 4814 9380 3622 
23 6489 2873 9800 7443 8658 4013 143 9737 8447 7655 4288 8679 4290 5942 4722 5681 8587 1009 2930 9998 3548 7787 8688 925 6031 7162 8211 6333 3319 7964 534 1802 3542 5089 2947 9440 9917 7110 104 529 6579 8562 4547 7116 16 2721 3444 2665 3262 2599 396 9711 3566 8197 1871 9930 7387 8572 873 9988 2878 1066 6336 3086 6079 1891 2590 100 2462 8001 1481 6573 5780 4296 1946 292 6413 1316 8792 3699 7931 1406 6149 6352 5742 5979 581 5684 2400 8682 5209 5571 7545 4716 4356 2020 5643 4986 8389 2937 6189 8935 
24 9524 9424 3195 6734 1080 2964 7216 5043 9159 9780 805 6559 4435 7761 8548 1457 2363 6369 9468 863 3994 6703 609 2367 8465 5361 895 2000 118 2393 9751 1839 6162 9746 491 1033 7396 2971 4494 2667 9429 7799 8833 6728 5443 6428 9989 7540 8325 1867 458 5880 5065 843 1414 5702 3712 4673 8890 9450 6956 3668 4127 9222 6350 3246 8391 3445 8147 8282 7367 2406 1155 1393 7160 3611 5125 258 5151 9786 1765 7674 6895 7031 9550 9738 4272 9651 197 9230 9287 2024 5538 8186 2848 9169 6360 9220 1353 6549 242 8077 2476 2370 3437 
25 8167 9601 9626 4682 6455 8851 2034 4445 1666 7098 8586 9697 3381 9026 9771 3831 5995 1446 54 9558 155 1060 2155 7650 8205 9368 5227 4977 9909 9171 7880 2189 3743 2639 3422 6889 661 6445 9783 1204 7703 1786 8396 512 4086 5414 8995 8519 9452 1428 9790 2463 3641 8346 2013 837 7185 4428 1930 7193 8436 1647 4320 7934 2439 749 8683 4179 4902 9754 1166 9373 7499 913 4582 3376 3665 8947 1489 6018 1608 2897 6647 8131 5450 3705 2295 9728 2768 742 9954 6912 9553 4340 7314 6081 8046 7176 7322 8559 1870 8421 
26 2287 4613 289 3238 8491 8963 2962 8874 1544 2603 6021 779 1116 3549 4737 9298 6187 8705 220 9503 9170 6962 9624 6028 4773 9175 1138 5876 4599 9774 5387 2346 5407 9517 377 109 9328 5141 4853 6883 1371 2011 8300 9928 7790 7781 8142 6505 9058 1674 4574 5313 5369 4359 3268 6648 8191 4097 9561 9269 1157 2373 4305 21 9890 176 4419 252 5832 2604 6217 1815 8348 3797 9194 5929 2717 8251 8299 7397 1981 7400 8258 7361 7034 9541 7100 2812 431 1729 1006 1129 9853 3004 708 4958 
27 6841 399 71 3836 1355 8397 8135 3485 7889 7946 2152 6829 9539 9291 5604 4216 1321 853 4239 9478 6947 2073 5274 4658 9245 4775 4347 7252 1931 2655 6307 8464 3604 2386 9630 8243 97 6618 551 6266 7468 4657 1756 2574 845 4550 5792 9597 8673 7223 5356 8309 3605 6587 9481 4681 5323 3833 8640 2461 9370 9659 2354 9931 6443 2879 1579 2016 9404 1512 2738 3903 182 6309 5090 6513 1505 1474 9381 7980 9971 7218 8451 1563 818 3166 7450 3433 8617 334 306 1938 4114 4965 7017 4315 8892 9366 
28 9174 6557 6852 9341 9002 6718 3861 3029 5970 7916 6237 9469 1017 3157 5388 474 5442 1127 5713 3182 1418 7242 9054 4048 2216 8632 8399 9401 9261 8656 7891 6697 5771 720 955 4168 7091 7080 5568 5797 4919 463 2093 879 1744 8940 9700 5706 1681 2300 215 8543 7280 6438 8652 4352 6340 5709 4789 8675 948 1758 2130 7694 8417 1614 7513 7106 4021 7695 8096 6248 1761 2116 757 5489 5686 8323 3926 6766 9578 9028 669 9888 6799 3783 131 2539 9418 8382 9755 4125 5653 
29 9226 2027 3955 1409 1380 822 1079 4758 3277 577 8054 5548 9123 9321 7536 9814 8703 6300 7115 8645 9129 3671 5277 7055 4387 5200 5230 6409 9676 4633 255 1209 9507 1675 4652 2291 3800 3533 1612 8250 883 7467 9097 1630 6759 923 5000 5212 4262 831 4129 3337 6669 1589 9389 4713 5497 5350 7827 1596 2330 6659 5490 1478 7089 6643 8445 3546 1877 7104 1391 2320 4089 9264 52 3602 1958 8514 1775 4451 9994 714 5822 1320 1739 4405 1787 5741 1569 5614 1898 7272 5114 834 7359 5446 7556 3328 5365 5587 6917 
30 1823 9999 5500 3986 2926 723 3893 3078 3431 2220 6255 9391 4367 7140 7605 4402 547 658 5437 9795 3766 9593 4183 1154 2135 8772 2833 7844 2586 4748 4691 3837 9992 7274 9921 8287 9438 5397 6070 81 9499 1772 1043 8631 261 3513 7151 7730 3781 3561 2945 3618 421 1277 6724 397 8636 889 3497 1040 2368 8867 6259 8458 9383 3997 6855 4904 2323 3719 69 1299 7563 6531 5988 2369 2636 7616 6406 1215 3655 8195 9393 5565 5079 8255 3782 8392 2675 9845 7427 5345 7555 8944 1691 2191 1070 2447 1689 7859 6059 5978 
31 2053 8984 7724 6314 7084 6190 229 7213 8783 3322 758 9111 2983 6192 6338 514 1071 6310 8050 7317 900 9158 5487 6444 9067 5691 5251 488 1192 6257 269 9906 6537 6709 4011 2057 8936 9571 7672 9459 1889 7449 7330 9021 5144 5714 8604 244 6901 6854 9925 8653 8095 2927 4880 6927 5530 3507 4795 19 7170 9187 3398 7709 1161 1821 9710 692 3646 8547 6049 3772 4990 3295 5070 5617 8289 5783 1252 5951 6441 5132 6803 7647 2513 8394 327 84 5459 2067 4334 6602 8371 8063 7982 9718 3135 
32 7532 6170 4561 363 9614 136 9904 419 7412 3293 9671 5383 4143 8435 369 5569 9591 5135 5844 477 1561 1065 7445 1657 2976 3097 2098 6119 6009 6158 2709 9565 7993 3944 6831 1132 1711 9428 6274 3448 3952 4368 7828 4257 8487 9914 8476 1762 9204 70 4175 7576 5642 1764 7391 5865 2392 9903 4721 931 9223 9453 9182 6608 2490 3978 6875 2455 9693 9656 4153 3343 2621 5299 2684 5532 9355 2563 9397 428 4549 3478 2860 6913 2809 4842 4372 6234 2104 6085 120 6729 1178 1773 1236 975 9396 7214 7366 8958 9598 5077 
33 2178 4761 9675 405 1300 1878 8573 2087 144 7675 3979 7770 4455 8646 1858 3408 2192 2407 8273 3526 9562 4147 2868 1408 7742 3308 5994 8674 752 1411 149 8959 3951 6374 5923 617 9188 447 1312 7754 4136 6226 9969 7022 8544 1443 445 7679 3969 282 2790 153 6405 6357 6733 8393 7134 5550 2299 7241 4062 3450 8062 5292 3080 9694 1392 5837 4224 4032 4058 3696 7988 2493 2109 9995 1388 9872 384 9875 5807 5422 6684 4200 8182 5577 8311 2294 4196 8821 6197 1000 6398 4968 7640 9501 8170 9905 8781 2625 7660 6810 6076 7301 457 
34 6151 2482 3423 2919 5998 1470 315 45 4229 3304 7858 2589 8554 2755 1253 6737 8561 4744 6272 6137 8960 392 6738 2941 9473 2570 4857 5784 1959 5917 462 5102 4794 1058 5721 6823 8040 4235 5806 9946 5137 7441 3639 7346 1810 8338 621 9073 8324 9977 3578 7796 8446 3414 625 6439 2765 8241 3396 4031 3709 1546 412 6994 4123 6084 9392 6303 9362 717 4949 1305 9232 8090 6824 3261 1677 4016 4689 6325 6548 6235 8155 5046 4705 9801 139 9511 3122 8466 2633 3324 4227 1329 8877 2440 4935 6417 4973 9031 5848 2990 6319 5546 6982 4482 2716 8909 7363 6714 2600 1216 5572 7676 5930 
35 217 6496 9460 5842 3746 2360 2221 3467 5520 5504 5427 6894 156 4152 6436 7807 733 785 9036 7690 7877 6617 6301 2118 330 2141 2158 2237 2 3882 479 4314 178 8596 40 3985 9979 5883 5555 5110 7206 8695 2674 7582 5060 5898 1688 9860 3992 9854 8112 8721 8813 331 472 302 8692 5447 9167 1629 1890 6025 2804 8405 7374 5751 203 4914 6992 3698 7054 1706 8669 8560 5904 9525 6006 6381 2279 5463 8588 2523 1962 6460 2169 6968 4082 7829 933 1064 5657 1344 9620 848 7751 4894 8467 7734 1741 
36 2444 2385 1421 8354 2991 531 8344 2263 2091 1225 5549 8642 5453 3727 4557 2744 9563 4222 7645 2577 2223 1032 3098 7683 5266 9955 9515 2286 7786 8016 683 5288 1400 7957 9743 2426 1087 8729 57 4638 6184 3683 6252 3375 4892 946 6103 1092 1160 6490 5972 5197 1024 2693 6543 5996 4926 2568 6014 7756 9083 9412 340 560 4985 3884 5409 5421 7278 6616 8992 2624 7010 7177 2148 163 5296 3275 209 6286 5221 2861 1309 7183 9345 7875 6442 7487 6926 6772 8626 4417 7613 9334 5213 2875 1847 5551 
37 1806 6665 9690 5322 6432 6765 8648 4871 8915 2371 7888 2609 1727 5690 1367 5793 1456 6133 4920 4473 6136 2810 8196 4817 7698 9666 8239 1243 7708 5857 8820 6861 3897 2442 8988 7410 5562 5492 5311 353 7732 299 5892 1290 5363 7802 9470 4087 741 5419 8221 780 8840 561 4554 1809 3344 1112 1903 7856 8359 2453 6944 4240 6495 5480 9640 1699 6295 8353 6695 6344 3688 4491 600 6373 3206 8522 8690 2324 5764 3855 3442 8712 3249 135 2608 8943 6448 5647 3154 532 6124 5336 3340 5584 385 9247 8981 1834 3428 7615 483 8628 
38 9072 7500 953 2805 860 8059 7562 7042 6467 1256 2594 4135 7457 7871 908 4250 4730 8406 430 8027 3455 3593 7757 406 2686 9162 3242 7092 4929 524 5131 821 8819 4423 3587 5246 151 4211 5332 1383 793 5893 7360 2280 3187 3666 4094 476 3503 2549 1885 2754 2297 9668 2040 3287 735 7121 9189 518 2004 1749 3514 5802 4917 9486 5015 4343 5348 2801 5486 3826 9147 6527 8618 4394 7381 7612 6871 4437 3368 8152 3924 4668 8662 8925 1096 2691 8919 
39 8661 1916 6641 6478 8566 1020 3680 4498 1602 2410 8931 4569 786 9475 1093 7688 7372 7415 8806 2146 9692 4500 952 9681 954 3075 1837 8390 7466 456 7333 9555 9402 4601 5853 4003 4024 7861 7841 6856 6586 4918 4055 2923 5881 2882 9673 3710 7618 4496 3338 1286 6713 9143 4619 9726 4711 6427 2344 6299 1826 3947 8524 8407 1539 790 7919 7451 1486 4249 8035 328 1037 7281 1943 9082 2951 9512 9792 892 7405 5769 5943 4612 5913 3130 5650 4818 9314 3976 8168 5136 2408 452 3294 9766 6061 7922 2607 8080 3701 9997 1115 6694 1374 7265 225 
40 1855 5502 6316 1228 6281 1232 7528 6911 2333 7175 355 1333 5372 5661 3854 5280 1233 4073 9865 3270 4881 7257 644 4198 6857 6816 9552 940 1529 34 3201 5024 4982 4142 7256 8677 9262 6826 5049 4033 7288 3116 5851 5194 7776 6421 291 92 2387 5272 4040 7950 6707 980 1201 8060 3532 4940 7906 1385 5344 1389 4598 1954 5695 3504 1503 1822 8869 4531 9716 5063 8808 1800 7062 5621 5498 5513 7635 3576 817 2114 3627 8993 2382 6545 8275 4526 5259 1026 5870 
41 7276 418 934 7438 1263 734 6359 1289 2640 11 461 6790 6800 5165 434 8268 7643 2132 3720 9695 413 7283 5515 1760 7711 1634 5884 5357 7219 8891 7603 9811 8489 898 6757 5869 8358 8362 1976 7896 3589 9122 6159 3535 8814 4410 9936 2596 1053 591 6590 8408 4190 5382 2956 1319 9645 7168 3745 2437 3567 2569 7723 9148 5014 4802 5440 9461 6740 1554 4503 1616 8838 6461 7878 4808 2715 538 4951 9788 2566 3352 3419 5635 5610 642 802 8861 3464 4831 1788 7107 6966 6121 8567 6069 8597 9110 6591 2351 7437 7649 937 1148 999 1279 
42 8318 4975 6622 5276 9701 6501 3140 407 5465 893 798 8765 9145 9323 2288 6195 6007 2638 8798 4724 4490 6969 56 6240 5428 1377 7947 3147 5401 4835 1295 5380 1860 9421 5707 8702 569 3634 8157 6216 9967 6363 2021 9665 6056 6604 4755 5639 3280 2500 7302 370 8071 6575 7442 8510 5667 4661 3284 3624 1044 9417 297 49 4700 4223 6667 8723 9035 8119 6424 8032 6891 5977 9221 4650 8288 7240 10 8955 3168 8337 6698 7933 4091 170 5873 830 608 9534 4254 5616 
43 9560 9569 5503 6539 3920 4454 3119 4852 7189 2374 8246 973 1051 9240 8864 1086 8724 7238 9242 8087 343 5731 8875 4538 4630 8751 9126 5776 4433 6908 2629 3193 1396 916 7020 5476 1682 1085 6679 960 7207 4466 1545 485 5129 2822 8278 2126 8949 443 1705 8937 3404 7720 7736 5003 4068 667 4812 371 200 4769 481 8845 1490 2557 7892 8902 7455 4768 7642 7143 6656 8922 8866 6331 7855 1235 9920 981 3927 1856 4322 7155 3236 7539 8717 8253 4665 8681 8575 3256 3730 5679 6722 4080 
44 1022 4740 7873 7472 8333 2759 5232 5127 2896 2278 414 8715 5511 6267 7342 4804 4207 4266 8459 5985 1108 9646 362 4396 3776 2620 1480 2480 2534 7619 9446 9584 2802 7634 9206 5072 7509 2430 1244 3481 8610 4103 8904 1585 5524 9361 3151 7119 9720 9654 8599 4597 2094 9427 9723 3076 6915 3052 1710 1521 5378 8297 8836 8957 6932 2519 192 2576 4008 2095 6923 2666 8549 3932 9347 1780 7319 1230 8535 7493 2355 3007 2572 9045 7074 5343 8138 5360 9258 1019 3506 8225 7917 7352 2175 234 8006 
45 7936 809 4753 7869 6042 7158 6971 4471 8472 8505 1023 7883 5431 4324 3714 386 7553 7385 3982 930 1047 3840 5984 5115 6394 1417 7132 1920 2434 5307 2306 6293 653 3654 7202 638 3807 6147 700 3274 6222 4697 1315 2732 2697 6044 4026 3501 6473 6488 9660 919 8998 1601 6899 5449 4846 4938 5302 4144 4390 896 2817 7398 820 2255 5406 6865 1582 6569 9497 7462 9829 9770 4100 9793 3366 5284 5193 579 7843 7943 1832 5813 2420 9140 8200 5153 2852 8542 4269 3266 2403 5349 9709 33 7368 8237 7954 323 354 3692 
46 5045 6288 8579 3224 7932 3841 4034 4989 9557 7339 8812 2236 8172 8419 6840 9980 6793 8269 8665 4370 541 147 1511 2585 3011 1645 861 4017 7057 6446 9420 4512 1133 1849 8621 4735 655 4270 9870 9991 1220 8226 4041 2171 4676 467 6185 589 2936 7541 2365 6620 1901 5541 9451 6524 4441 2750 8100 5724 2915 4858 3647 4424 2514 3212 2359 5649 284 3528 400 5416 3905 2807 9544 5599 9637 6819 8644 9490 4845 3678 6978 3165 8320 3793 1302 9540 4440 7182 9554 1680 5082 7026 8045 5403 5362 2571 2372 9027 7357 3013 3317 2584 6258 6678 5899 4353 3380 5175 3908 2556 
47 2471 2766 8222 4533 727 3736 7118 9399 7013 8463 6378 2595 3015 5319 944 1607 7480 6999 6900 2218 5685 9431 6842 333 59 1869 4659 3471 493 3473 1390 3176 356 6639 6518 904 9610 7979 5317 1637 3990 5847 4327 8603 4580 6776 8378 2163 3525 1624 7347 6662 9041 890 4703 471 7334 6239 3610 5965 9627 3348 9190 4962 1453 6067 4799 9677 9832 1697 3900 2080 1219 7569 5283 2544 6516 9621 2913 2183 382 6477 2553 3580 4563 4522 8375 8920 1672 6706 6208 5603 6016 
48 1510 2968 5083 5138 8206 5312 6783 7691 6811 7542 3496 1909 3364 645 2914 3112 7146 6120 7593 1261 4141 1746 4427 8488 2008 7746 1757 3056 7261 7139 8345 1362 4577 9880 2874 9263 9502 9725 1398 5967 875 4891 6989 3192 3209 2033 9594 4338 7422 1983 5214 7543 8883 6476 7872 787 1487 6116 6937 3141 3202 7114 2837 2457 1495 2682 979 762 2678 1669 4911 7769 3358 7833 9064 1949 2720 6551 8852 4572 8474 9458 2176 1054 4050 4785 8525 8036 2089 4546 7531 8996 5438 8968 1187 7595 3289 1471 
49 3615 3936 8889 9871 7008 1922 1883 3462 4079 7998 9038 7023 2377 3823 1248 1142 5678 4188 2479 2068 2160 6355 1454 8134 7373 1695 6601 9947 5656 9216 8395 9360 2063 1121 1573 8732 794 7767 7749 7204 5281 8124 4936 5598 672 9157 5982 5761 2015 4483 2725 1103 7981 5339 5318 9789 825 2961 5926 1364 1576 8097 8136 3429 5554 6318 5890 7876 9305 1872 5623 4336 2929 4075 8238 1413 1752 8292 4800 1264 2564 3838 6206 2254 9846 5605 6429 823 2698 6328 1636 598 8056 4627 5474 2494 
50 5858 1700 4371 2313 4874 5773 4070 3372 9265 7591 7392 7407 9844 8305 3988 5168 9491 2187 359 1301 8817 3661 5518 4606 6407 4604 2431 4485 8797 3081 7305 1498 4416 179 9803 2411 8440 6330 1894 899 1985 8517 8104 8146 8065 2928 2969 9141 6523 4204 1238 9292 7685 6773 1924 1668 6384 2230 3068 8719 7835 3356 5245 5499 9806 3031 9841 7324 8363 5804 8834 2029 4029 6026 4828 1500 4863 7 1735 8582 1326 3569 903 4444 6010 5481 3770 7953 9195 7926 3550 7812 9913 5675 3470 5223 974 977 8294 8187 6552 6517 1476 4039 7997 6302 3382 
51 2739 6851 8073 7996 1084 1175 6472 4331 9650 301 169 968 7702 1384 6334 2825 8015 9205 991 8511 3162 5583 5268 1965 9978 8790 3763 2281 254 4083 7596 833 4425 3430 3845 8044 6180 5703 7311 6814 6636 3844 4686 3231 8264 8106 5835 4603 6139 6553 9940 1197 4185 8441 2452 2166 4765 5763 5095 7430 5531 3804 2315 4720 9010 3045 503 6095 8753 1651 8209 2076 7512 8778 9943 5096 3185 312 105 8882 1996 783 1504 8755 3631 4994 
52 8322 4592 113 4369 7773 1063 647 5708 3812 9575 2032 4532 102 3228 1378 6521 1790 9820 9166 9335 1280 2832 8770 2685 5342 5393 7205 7653 5567 1670 8048 7945 5809 6747 1556 2842 6278 3898 5293 4088 6045 7737 119 9735 627 2012 5295 5820 4374 6763 7401 3028 5278 3827 5561 9545 5226 3687 6200 2256 5067 6109 5833 6186 2688 1541 3367 9243 6210 7003 1533 9777 3243 1509 8061 5368 765 4267 7721 408 696 9225 9866 8151 2997 4672 3739 6949 4107 1468 8379 6593 1709 7584 214 3017 8137 3813 2199 7507 1748 374 1102 4093 6818 5399 5597 
53 9133 4407 8711 7273 4333 5536 4421 4246 3970 5233 3552 9963 8301 4788 1518 1979 4351 2583 4717 7966 9207 9080 842 9549 927 4763 9669 5875 6664 8207 3612 5560 9249 6625 8263 236 1520 5558 7007 6807 9944 73 5556 8769 2849 4126 3942 5772 6520 448 4289 4174 3989 3706 1785 2285 3799 7156 3505 755 7416 1940 7325 266 3791 5882 7897 110 3336 6202 680 7388 5047 2708 9753 5905 8693 8072 7744 8140 8635 6564 2380 5010 9224 3892 3703 5672 4360 5094 6909 63 5187 7863 5648 283 2903 6806 5445 4007 8709 6117 3748 5805 3207 5720 
54 702 4515 4702 5412 3538 6980 2101 7321 22 6097 6032 31 4335 9602 240 9241 6241 3386 9483 505 9215 5596 7538 4271 9416 186 6046 5261 7081 4584 3742 4294 3603 9773 2433 632 6414 3809 5048 8115 4283 3607 761 9436 1838 676 9705 2136 4978 3895 5827 9062 2883 9765 8293 7420 6104 2740 3850 4862 6408 4893 7073 5867 5255 2268 4709 4867 245 5860 9449 7973 80 9529 3218 9595 4653 1247 2298 5909 8593 9154 5182 2110 9256 5249 3489 7969 1061 2734 4382 5888 6126 2153 9873 1550 1131 5799 5389 7631 7716 6721 9293 3673 5100 4688 4411 967 316 4642 6105 4539 3487 
55 2528 8098 8912 5637 3786 1861 988 1341 7130 7630 3787 8361 5170 9839 6600 1671 9572 6690 2819 2771 546 9596 849 226 2122 257 8911 3839 4922 4019 2851 5057 1492 6345 2511 5874 9636 1717 7269 881 1603 4552 9008 1185 5364 9235 5167 9346 1884 7625 2925 2627 6198 439 8383 2597 7453 5121 2845 5590 480 7508 3283 5559 1638 6107 426 2763 2917 1896 5241 8099 4186 9734 7529 2772 9986 963 6280 1933 6672 6188 1892 3873 1917 8376 5162 7574 9336 2092 4829 91 8887 435 4399 1461 8731 
56 8051 7112 6834 924 2044 2214 4649 8713 2165 1795 513 8985 8835 6655 3189 3258 2671 9487 2125 9330 1082 1433 8684 5956 8156 9966 4084 3226 8416 648 7135 8089 5632 9982 7516 3649 6015 7758 9848 8885 9816 239 2274 3977 79 4931 5719 338 5118 7087 8017 7423 4131 8696 3155 8607 3640 9120 7519 2702 5375 866 3190 5781 4836 8895 5161 3350 7497 7524 2704 5581 3983 8326 5017 1365 5735 393 5506 1692 3279 3802 3732 4362 6012 1491 4215 7661 3114 2194 2144 
57 9333 8722 7088 6583 174 6512 4690 9719 9303 4803 5304 5384 870 6125 4545 3093 994 7768 2120 322 630 6376 5991 1778 6658 2982 9180 1618 2131 1422 1189 1819 5436 5027 8123 77 6970 640 264 4693 1088 8601 2757 6938 8594 894 1397 6141 1488 6199 2729 9714 8372 5327 9530 5273 7071 6027 6836 5949 4502 2242 2334 5697 9477 3255 4051 8462 1134 6663 9304 6635 3440 544 1241 3999 7959 6762 6397 8964 719 251 2904 465 2010 792 7686 1114 6767 1366 9505 5654 7503 1260 2082 5914 9576 7849 7254 9822 1334 4747 
58 7021 5297 4009 936 836 5028 2039 710 5507 6260 2055 9564 459 307 5631 3648 6250 6166 4524 7567 2814 9810 5351 7738 5373 6614 7547 4232 6839 3515 4045 5229 3452 6676 6882 9386 4035 856 6666 1297 982 9941 2133 1918 1460 8623 9981 6368 2143 6945 9273 8000 2168 4297 5936 7930 321 6404 1139 2172 7726 8879 1450 2724 3325 9813 2025 4631 158 8666 5636 1045 3815 2208 3993 6447 9731 7550 395 8471 432 4172 27 6470 6570 7266 7984 9763 8956 9313 1076 535 280 4578 2920 2797 826 6673 9730 7911 3494 1331 1796 4401 4786 668 5116 1842 7733 1107 6612 
59 286 6322 6584 3954 1211 3596 7477 864 2210 7001 8433 5537 444 8380 2510 8823 5745 9448 4213 3670 7780 3885 1401 4766 6902 4743 1122 5760 9821 3973 5408 7522 7072 6268 3247 3171 8330 7554 132 8031 815 5009 410 8744 9435 5410 1382 1090 2931 7760 5700 7225 5491 3585 5836 9059 5711 6048 548 5529 2414 4308 7962 1792 9441 308 7313 67 5455 1530 2545 3310 87 8208 8667 189 9 6739 7963 9613 3795 7678 5092 3843 4010 8558 6154 4640 6008 8843 4195 6743 4095 324 6275 207 7623 4137 
60 3862 2309 7244 1991 7012 3002 2435 2592 7172 657 51 3726 4184 437 6108 1570 1507 3704 9635 5543 9877 2227 9289 4286 8609 1859 6112 3738 8986 6631 6215 8386 1410 2345 8312 7792 7920 6254 7157 460 9785 3771 7646 221 3302 3432 1774 3298 8670 4476 1363 8663 9781 4674 697 887 1267 9950 8659 6064 2142 9344 231 2395 4264 4548 1323 5244 2808 636 950 588 3222 2047 6094 4166 7152 470 2783 8734 2211 838 6366 9127 2672 3148 4809 1953 7270 9325 4567 2399 5201 5073 4745 3009 423 
61 2762 3590 8611 1532 3681 4461 6356 9672 7910 3378 3415 5986 7059 1852 3545 7621 3889 5004 8171 5753 1781 7369 4890 5371 1731 3934 3071 2645 1828 336 9079 3244 7771 3434 9721 4555 7222 6888 1332 345 1239 3175 2565 5666 9236 8863 5981 6961 6833 4468 1343 2019 9964 7093 3768 7834 8638 3675 5659 3309 2902 5509 2117 6597 1097 8189 8008 6000 6653 4074 8019 3111 9307 8181 1864 2006 3399 3530 9679 4534 8499 2201 2051 122 4632 709 7938 9239 6930 8210 508 9339 9445 5525 3620 4180 3425 5692 7431 8785 
62 1584 7184 7191 4121 7447 8414 7927 5298 3874 6113 2841 939 5770 8004 4460 9319 3784 4825 4723 6174 8870 3174 219 9883 986 8616 1725 6156 3357 8266 90 1640 8368 3956 3079 2699 9662 5066 4260 1632 7648 1430 3570 3573 545 5195 4778 1144 9131 8103 3391 1653 8331 6101 4620 3731 2054 6362 3160 6464 7521 8527 2459 827 5964 3407 4133 9887 7784 6990 9604 622 1993 4634 7822 769 2779 6229 5185 8270 5891 9618 553 781 4274 5117 8129 2613 7178 5748 379 1046 5166 4865 
63 7530 7161 7597 8930 4827 3868 8216 4280 9146 335 5589 9782 4961 6242 3644 8624 5257 2789 7626 7061 2821 2488 3169 3540 6544 6265 1759 7439 5671 5471 7535 7942 9757 3741 2121 2428 2253 7043 2719 2876 7105 2507 117 3832 5216 9315 9114 2069 4600 5615 168 6212 9134 3234 7884 7127 9030 8749 4979 2347 8118 3219 3613 2209 7389 5676 2198 8619 1964 3645 5959 9430 6820 9077 6681 9266 5058 8733 372 4783 3267 7331 1208 3984 3069 3410 6343 2654 2326 1814 9164 8816 6720 6013 8637 8125 6396 6623 6998 4076 1794 3643 1029 1715 1292 9664 
64 1817 978 130 7590 7486 9605 2389 7609 9276 3821 6609 3152 2423 8350 8521 4850 5801 4762 64 8627 3740 1016 2612 4616 7705 6642 167 5119 2657 2106 7006 3146 4811 3650 9600 7804 9685 9351 468 3260 5534 550 6317 5331 6756 88 3902 9779 3001 9227 2634 7299 2096 5803 9691 599 1250 8780 1322 6509 554 29 320 5034 586 1162 7534 2167 9599 7030 6885 3142 295 5586 596 7632 4230 5728 5031 2659 140 2319 1652 8708 5933 7971 3105 971 8900 9987 8158 9724 7750 6984 8183 8608 3296 2562 9527 6420 5164 9881 6211 1402 1231 8011 9413 3959 8945 
65 9633 9275 5314 3811 3968 7142 1557 6753 164 7748 9479 6993 4132 9896 6191 9268 123 233 3933 6630 9144 6431 9004 8948 3971 2128 3083 5963 5424 7452 616 1597 3775 3373 2673 6058 2836 9155 607 8296 1591 6183 7602 8177 7014 2647 1600 8070 7247 8343 9787 8989 2396 5821 3048 1963 8827 5958 5140 2195 55 9285 5790 5512 1190 4608 976 3349 3401 504 3095 232 920 2328 8049 9000 4304 8886 8625 4124 6402 7565 4928 8630 6456 5022 1434 7815 9340 5651 
66 4134 6463 1904 2791 2944 5075 4635 2535 7909 506 3023 5074 9607 6068 8413 5353 5044 788 2669 6963 7718 9288 2222 4734 2409 7629 965 398 997 1151 1553 194 5264 5677 4704 6140 2078 7231 7948 7229 4622 129 227 1559 5740 4695 35 62 1515 277 6925 2965 7839 4877 6574 6946 603 4063 9901 2200 8084 8872 1833 2492 1298 5625 3040 1899 2005 3531 9439 2303 7282 5915 6111 3636 7264 7041 6347 4358 3928 6594 7991 2250 8860 9352 1089 7968 7803 8726 3581 
67 4012 2003 3180 5768 5120 4067 9117 4987 9856 6327 6051 6801 3888 4727 9504 9081 3962 2546 6813 8342 2357 3121 2170 3394 7289 4655 810 4391 767 6057 839 5634 5508 1226 5159 8526 4383 9609 3758 947 4255 1919 3164 3891 1567 4784 5863 2705 9802 8741 5326 3910 3817 9509 3362 9046 5831 1200 7557 8961 6644 8143 4905 8229 5411 7559 3761 4220 6876 1174 9863 7308 8924 2310 3479 8426 6640 728 65 9808 3541 2196 8951 6576 3346 4947 4098 4169 1606 1665 8230 2177 6123 
68 4992 2468 4111 4645 6561 5582 3560 1186 61 1523 7951 373 8347 519 5838 2550 6209 5588 5333 8043 2322 5787 5715 1254 2432 816 1150 7825 3584 5688 656 1337 5415 665 2515 6860 1135 5146 6910 573 4868 3241 4875 5954 7353 3318 133 2056 2736 2159 2706 4562 8811 6131 4855 5103 6650 2473 1257 5020 7259 1516 9894 7138 7992 2517 5645 3987 2521 8201 1069 4998 2023 9151 3937 7253 8881 699 4772 1213 6595 2895 2651 5287 851 4386 3577 2037 8796 1269 1224 4793 7789 
69 7197 3106 855 2637 5001 3016 3778 4108 8010 276 4771 3626 760 6297 1458 6918 7801 5668 3510 2038 274 7350 8503 6808 3077 378 3390 8093 7496 1986 8523 3039 2325 9834 422 1091 565 8329 5762 9698 6624 3252 1960 5404 2232 1435 6029 1109 223 3818 2284 4519 2531 3524 5687 3126 7341 7714 4764 2687 9655 6324 7145 2349 4621 6393 2950 782 7203 725 8034 175 6959 7728 5777 613 5824 6082 5517 8180 6196 8149 7049 9897 7065 5663 3588 6821 9957 5346 3426 3197 7237 7526 7378 9611 2867 6335 103 5306 7249 4300 
70 9776 8807 5823 5250 5921 4130 9168 689 5203 3948 5084 2378 3427 4117 9297 5795 6788 8384 664 5105 8110 4605 6568 4154 4819 15 3755 5451 3899 9791 2097 4066 4341 5225 1194 8538 7075 2102 686 9842 983 8415 4194 1846 8328 8498 8824 652 8286 4625 1177 7045 5779 6161 7236 1205 9740 6282 7131 5701 3278 7268 9898 1042 7279 7171 6785 1035 8029 1988 4779 1439 6686 8782 1683 8546 7298 6782 4924 681 5434 3034 7813 5156 654 1543 626 7800 9407 5396 1912 3332 3084 690 4238 6760 7704 9196 
71 4413 126 2305 8203 9447 5946 3459 4583 718 6730 9283 2264 4669 9968 1373 4637 4910 7040 7260 8377 9577 1722 4349 7668 1716 196 4182 1407 517 8026 9678 3312 2949 2235 5973 3365 7275 8685 9632 4462 7286 8370 278 3334 3756 5330 7680 137 86 7111 3449 7469 850 862 5324 2185 1911 9104 9884 1158 4981 8987 4507 3754 2271 7393 325 9165 2489 4934 7604 6372 4155 5217 7614 5794 8999 9005 7267 9818 9149 4439 9009 5243 4888 8310 6770 5394 7886 6437 2712 3173 8555 2229 7985 8805 9177 3049 1141 3880 
72 2733 9136 4993 8545 6645 2404 1854 4876 5932 3633 9050 8576 1310 1980 6699 7817 2009 1625 7379 9683 828 4241 6710 7125 4380 1661 8475 1740 6035 2290 3597 8334 7245 7284 4450 6002 1482 716 2491 4589 8231 9374 4838 368 9804 5169 5778 4406 1030 6033 5940 2677 2418 211 6742 597 6091 4821 7654 3458 2536 5366 6219 9419 1007 4209 8759 8107 2226 5866 8991 8025 4499 8553 1734 789 4807 7583 5641 9794 4265 3303 6339 674 68 3104 4469 5477 4092 3918 6538 5448 4816 6232 2332 5908 
73 8884 2798 7109 339 2205 4959 4002 2940 246 7611 8950 6897 1974 8934 160 4780 4738 5859 8578 5528 3941 3493 4741 6454 4707 1720 2703 6480 4591 8534 7579 6585 5178 6671 1062 6138 3113 9736 8825 9526 801 3388 5916 3737 2643 281 4719 1426 390 2030 5817 9022 4946 2728 2559 4409 3178 8424 3159 2815 484 8602 2147 9747 3233 8493 7663 4173 473 6668 4833 4309 1327 8432 4837 628 4991 6379 4467 5464 7459 7470 3760 5969 7712 3402 8691 9823 2865 6621 9212 2390 7651 9513 6263 8199 5782 47 915 5660 7902 2186 6148 8332 
74 6933 5674 3764 8373 6957 7153 7336 774 6504 9198 8583 375 9012 5928 4106 8132 4525 6526 1990 4887 9231 8280 5240 6253 3656 1562 6588 3345 4422 9405 8055 3443 3658 3697 2443 602 8657 8486 1857 1447 262 347 6004 5552 1848 9934 7296 8316 705 3263 3208 7974 3995 7345 8298 1874 7212 3562 8111 3630 3005 4680 784 1005 7673 4071 1998 3991 1195 2503 1619 1011 4815 5253 897 6859 8113 9895 3769 206 2803 4120 9492 7715 9643 8939 2631 1001 1868 5051 8982 1524 3172 1522 1118 5385 5457 9202 1879 5766 6486 8977 1472 5340 2336 
75 5612 7166 8584 7548 389 945 3625 5575 2617 2072 631 1010 9480 1635 1262 9733 1726 8341 1147 8012 8748 7128 7900 7027 5301 5315 95 2341 2970 3158 5523 7788 7986 5303 756 8260 7025 8492 7502 3878 6731 7921 3744 9570 1437 2065 3829 8102 1318 2658 4243 5514 5557 3702 2587 3519 4006 4375 5689 3453 5912 7624 775 3686 313 7573 972 6179 3055 6632 5143 1538 2993 5526 1041 2527 4303 4102 4187 6194 3498 8697 6615 7198 7845 9543 6907 7474 9279 3651 5019 3311 2417 3913 2981 6892 6143 6973 1627 9300 8760 7658 358 
76 8003 5644 8130 9939 5845 4790 2445 6471 1767 1743 4078 6916 2826 1246 4244 4377 2512 1210 2340 4140 6880 1281 1104 935 8477 9017 1117 8242 9108 1497 8775 4615 3491 8504 3022 7527 360 4248 99 3945 5294 2943 3509 8304 3096 7572 9132 7255 5025 2501 9642 964 7719 3110 3914 5126 361 8244 4870 6233 9203 3037 3767 4558 9053 41 1099 5142 1 4923 9850 7710 996 620 2780 679 9528 8335 3830 1813 2887 9299 6748 8649 238 2611 466 6864 1517 2036 6725 7753 4948 9961 6565 6087 8105 
77 3835 235 8952 791 8166 1234 4504 2601 3950 4826 1183 1925 5759 6173 5309 3735 4495 2265 9862 9838 4022 5258 8028 1168 6450 8962 2863 3265 3484 1708 205 8972 8815 5180 7785 543 4983 5680 7380 8256 6332 7491 698 9410 2188 9830 7949 9843 2270 8701 3500 4909 671 4311 5746 6815 4908 3965 2397 3461 9074 150 7664 5839 9847 1812 7208 7035 4777 2419 4285 7967 346 5980 9218 5013 7939 2660 521 8274 5920 3143 6220 8598 9124 9213 1548 4316 6135 6866 3355 4446 4277 8091 3134 2932 5059 93 9047 1036 2456 1863 4218 5494 9849 
78 8737 8735 2243 5029 2793 4457 3789 1754 880 9684 3517 4879 1441 5053 5224 3264 1805 7444 4138 3834 1050 6534 2843 2626 6011 5852 5682 2935 7211 8612 8092 1737 1375 8184 9769 9935 38 9837 3292 5907 2366 1610 7226 285 3801 1125 5395 8757 4038 7490 6493 8641 1361 5849 9384 7821 9885 9367 7633 1346 8654 8848 2548 6066 9462 9764 9253 5927 8589 6567 1565 3953 8758 4884 2179 3087 9052 8364 1945 1469 4234 1952 9975 3469 3131 8144 8704 3123 4692 4575 3061 3864 9861 7221 1713 1485 5128 2099 
79 2289 2129 3529 8898 1939 9948 4275 5282 6951 417 6276 739 5154 3043 8529 1599 5955 9112 5563 6034 8841 1641 6218 6047 2994 442 5030 2212 750 193 8083 9254 3998 6020 8871 1077 6755 4226 7587 6967 9942 4971 9356 9889 2694 5220 8461 1540 1944 6273 4328 201 7164 8109 6246 6736 7475 6830 4553 454 3708 5290 1528 6688 9055 3191 3876 5732 7774 1153 6181 8826 7083 6236 530 8773 1571 9717 6440 60 2813 9007 9831 4791 8154 4259 3599 5204 4163 9932 267 2145 9484 8966 2441 8496 5553 4301 1237 6953 2972 5941 7881 9732 3412 9270 646 7797 1170 
80 7745 2782 4823 5265 1935 1967 8762 5444 4043 8916 9278 4576 5234 9772 6637 2283 8967 568 3089 4732 9463 1034 2787 9444 127 6693 3030 159 9130 9442 1508 3063 4675 6073 5922 4915 1531 8990 2234 5505 5160 2041 9836 7050 1416 161 3416 9375 3225 2818 639 906 296 6921 5390 2070 2162 7421 1733 7777 6052 1283 2924 7662 1423 3361 4510 5993 9581 2042 7915 4061 713 2312 7644 7580 9290 8437 5454 6279 5081 1662 2711 2984 216 8235 9039 3690 6972 2151 5971 5774 3482 9185 3331 1387 5539 6176 5573 250 2980 
81 2714 4736 7190 5247 9348 3215 72 3060 595 6129 4005 8897 7870 2495 6146 4096 8901 9559 1719 9583 6036 404 4805 4980 7854 4886 7717 5825 2086 5564 8355 2124 9812 2870 1721 3221 8557 8907 2352 3230 7233 3170 1483 9965 6847 2578 7351 3547 2823 4626 7251 142 6169 8431 7246 1452 3090 1763 4641 5758 4298 2618 9467 7610 3229 1895 687 1126 48 6466 6153 490 5270 3537 5934 6078 4544 3314 885 3323 1913 4329 1285 2908 9358 9696 4171 2820 7808 8605 39 6997 7782 7795 7772 9096 
82 2115 7847 8009 2425 7063 9797 6163 7362 9523 4731 2506 6948 4618 1203 6893 4181 8455 8064 7692 5267 9641 8449 380 502 2662 3554 7700 7113 2758 9228 8844 989 7935 1467 4839 260 1583 3384 2796 9495 4609 9985 3139 747 6633 712 4590 172 3925 8374 1350 5052 2540 8980 3250 813 9606 3967 85 7743 6749 4514 1955 8360 4551 5727 3750 290 7141 6055 6629 2753 3785 5752 7159 352 7220 3551 1182 190 3679 7903 9775 2081 3062 9306 7622 5712 9952 7406 691 8457 526 3451 8725 5152 9183 3167 2628 
83 8720 738 7277 9899 1611 2707 7165 2526 4854 500 3623 4945 8490 5091 8153 6178 5418 4122 6881 7592 1056 5889 7051 701 9398 8829 694 7365 675 6110 2335 7448 5337 3132 4128 9984 3582 8479 9260 1496 7227 6827 3059 8494 958 1306 5664 3321 4388 2272 6581 7805 1578 6791 218 4345 4146 3027 3235 2834 4903 9359 9926 770 9674 9121 9257 7594 7018 3715 912 3621 5184 9184 9759 9142 615 3047 23 1718 8832 3495 5472 6954 8699 9385 6651 2275 75 2269 7864 6634 8694 9152 7099 265 4860 7056 
84 9466 7173 6610 8971 1639 154 89 1888 6546 2059 9546 8787 3320 7196 1851 8291 907 9959 4501 2376 8198 1575 557 2358 9426 1394 6364 3751 5626 5775 1265 4492 8470 9508 2505 5098 5279 3100 1766 8564 6080 5050 9929 1586 6529 9025 5026 649 3041 9092 2173 3476 7250 7169 3035 6904 2885 9135 8856 1229 7262 6741 570 5011 4177 9060 2157 4064 4864 4536 4027 7129 6547 9496 3556 1655 884 4523 5897 3939 3186 6213 8923 6578 4420 8075 1827 5269 5238 1072 2088 7348 
85 7192 4714 146 8349 520 6702 3904 854 106 2816 3632 2485 6221 6514 275 1970 3117 7097 8908 5231 3846 5510 6652 8161 4607 36 1049 5999 9087 9833 4178 1217 4161 4556 536 732 6484 9350 4912 5521 4586 7707 5107 8224 8127 3886 381 3418 4943 2233 7187 2381 1313 6201 7137 1982 1179 5405 5704 9825 7271 3822 1003 7419 7485 3339 1779 9095 9680 9296 5417 1595 9197 497 1707 9408 4156 8888 2884 6193 3869 682 9088 9199 1915 2649 6038 6099 8369 1613 7458 1588 1887 2696 5473 1900 4145 4170 9663 
86 8423 678 9819 8532 5585 5007 4614 8927 3276 9019 2899 341 5239 7090 9855 6142 5033 2190 1424 5460 9748 449 6626 3747 6787 796 1372 7033 8410 4798 677 1106 6687 3909 8946 6627 1255 4663 8921 2350 4628 7657 9652 1977 8591 9099 2788 293 2745 2909 5658 3335 9282 5426 552 3026 9013 7483 4101 4767 3788 3053 5619 6849 829 9768 5580 9272 2748 7228 515 858 1324 6114 1704 523 3409 4293 8905 9324 310 9457 1876 1249 237 4678 2362 166 1620 1712 5211 6705 4434 6305 9006 2533 9983 3239 5592 3938 2112 6175 1853 7961 6315 
87 1650 2231 5594 3974 6346 8580 7958 8128 9302 9828 6062 5055 5948 6835 9210 6452 185 3896 7901 5750 344 9014 9338 3859 3149 4 6353 6838 7826 1308 9311 6758 3508 9682 8913 731 6769 6685 2007 5919 3480 6270 376 6269 5607 1617 7983 1750 9020 8283 7304 9826 5462 9996 3592 0 8745 8855 2642 4847 9713 6361 3067 279 4148 2474 2975 1078 5886 5205 2149 4432 778 5310 2690 44 1882 7830 1136 8847 4284 6182 9750 2580 9281 9040 2248 7725 1429 3872 2963 9590 6083 1412 1660 3721 2267 9085 2247 1386 4830 440 633 183 2692 
88 2581 6098 9915 4792 1685 1052 6850 832 2522 8507 3716 8614 1519 8788 1684 6400 7399 9533 7310 5191 8141 3981 6877 5198 6449 4414 3935 5533 6506 3915 9864 7846 7865 6761 3901 411 9758 3723 5482 7989 2593 3536 9115 962 5008 4559 5275 4885 8750 199 2251 6172 6792 7882 9868 5183 9161 3805 3347 878 9567 1803 4921 9378 1513 4824 6735 8970 744 812 7461 1282 8606 2516 5386 4201 332 1159 7409 1276 7117 7194 6453 8880 563 5931 7402 4843 8252 1473 6727 202 5950 3693 1808 1770 
89 9518 6392 624 2770 7912 4796 2416 6102 450 2910 2988 5190 5252 8145 4118 1251 6797 4053 3906 8676 914 6661 4895 9878 3759 3392 4312 9176 8509 611 5172 5086 6224 1568 3565 3652 8038 4984 7408 9423 759 1432 3333 4199 4056 6712 1987 2134 3635 8484 1370 3887 4484 9113 5367 8398 74 9432 8007 6462 5938 4381 6752 5652 6262 7210 6558 724 2764 8633 273 6853 8456 1784 5325 3179 5064 1907 6023 2465 7306 3108 1448 1352 9255 7077 8791 3667 795 2450 6939 5960 
90 9703 7188 8837 1438 537 6589 3923 2361 8429 5903 3050 2880 7893 2497 1008 4337 3014 4403 9363 7002 4339 4955 740 8352 3074 7681 1100 5622 7384 9689 5157 8453 6577 5423 2558 4447 7904 8443 1164 6828 4956 1462 9951 605 7435 8910 4149 746 4430 438 9179 8444 7429 1055 9109 6482 7403 2871 2866 4849 2664 9332 6746 7215 1905 2206 5975 4757 4193 7484 6943 4566 3184 7312 5469 5710 3779 4167 253 6086 3137 4415 1793 7810 4443 9101 1535 9390 8777 6264 4307 2182 6987 8047 8261 1419 6964 9667 495 6981 6562 3405 6457 
91 9476 6487 3038 8518 367 6075 8531 4666 5868 9309 7340 2641 8308 1245 9034 3072 9191 5078 1351 7759 7300 3220 3020 8081 684 2835 2974 4057 5579 5112 9537 8803 6812 4941 2656 9414 4426 2353 7326 6530 83 5669 5854 5377 9128 1181 173 3472 9071 348 6682 969 585 8903 1059 1206 846 1841 3672 6351 6780 9756 1969 9907 6689 1359 6289 1347 2002 8771 8849 8556 8539 7987 4081 9377 3931 8194 610 2331 4662 2277 18 7727 8563 4110 8365 9237 8023 8121 1348 7232 7290 7940 4728 5717 4869 1646 6798 2301 2561 8074 
92 7358 961 1971 9566 2438 1273 9585 4718 8926 7575 7809 8577 3163 3695 6348 8802 6988 2735 3964 5189 8536 7150 7544 4866 5896 2760 4588 824 660 911 4834 1644 4750 5320 5983 3619 8738 9589 9280 1947 1798 3958 7778 1824 4925 2872 8223 4901 872 247 5798 4474 7589 4481 1736 3617 4488 9908 6677 7102 3520 4746 587 9267 9799 8067 2031 5262 3752 1948 9329 181 2979 1835 4072 2726 9574 3194 1328 959 6928 2103 7848 3136 4357 1466 8899 6256 7079 1830 3183 7601 7460 7667 6387 3563 1950 
93 619 3216 7867 3424 7836 5104 5263 2240 5730 9798 5989 469 3870 6522 1493 111 1268 1534 1973 8764 8600 6805 3946 1789 5699 5895 1893 6704 6974 9116 2579 4452 6306 4639 9425 4595 350 7850 2921 572 5593 2421 3912 5335 7424 8460 499 2575 9394 4278 1564 8385 9172 1477 6950 1272 9927 5862 298 2877 5974 3657 107 6675 4518 7011 3205 6 2605 3000 6784 8746 7239 3285 2339 8327 4988 2573 2776 6134 4385 6207 3629 1227 6837 9506 4192 2508 1110 4464 3849 1558 3454 6786 5547 2137 3917 9316 4999 7995 4636 349 5885 
94 1659 5439 4916 1180 8689 4541 3389 1937 4472 3490 8088 4699 1514 1997 2276 5756 8085 1165 3253 8290 7696 1027 7029 6313 5705 2598 243 4228 9891 6781 3300 2329 6873 6132 688 4687 1354 6554 992 3555 9244 8277 6077 7028 3575 165 7820 7586 9200 2668 5042 942 5947 76 4398 4486 1395 743 3091 1404 4276 9592 1783 2547 5519 7492 3753 1317 9192 3916 2481 2646 8076 6511 7337 4000 2028 3653 5939 8655 9056 3614 5918 9415 5757 8013 5218 6580 2502 8403 1221 1693 1615 7009 8307 4543 26 6804 1992 8478 6128 2391 9827 5574 7052 
95 8918 6050 6607 844 9521 6375 3518 7960 3659 8473 5037 249 5816 3662 2722 8622 222 2379 5945 4528 8279 152 3305 1445 7404 14 9150 9217 8160 46 3663 8204 4025 7479 6342 4787 7860 2888 2398 3707 9411 7235 9619 3488 9519 8114 8565 6726 7248 4217 8942 6171 487 3397 8117 4219 7060 1440 3963 5718 4429 4090 3370 4900 6536 7386 2224 441 8315 3521 1293 8002 8528 2846 4651 9586 7482 7432 7598 9919 8495 256 1015 1978 764 6500 2829 2075 2107 3447 542 4564 7154 1083 3616 1995 8213 1555 6991 4395 8647 807 5108 
96 4937 2064 4939 8082 8629 494 8571 7514 9644 5785 5693 4042 1526 8357 8052 3360 138 5808 1287 1592 1678 1464 4701 6043 5155 510 8768 3 2862 7600 9612 7038 446 4116 2890 2292 6540 3006 7494 5134 2228 905 1184 583 4028 4069 5076 3980 8162 1621 3816 5113 8716 3103 3808 1696 2266 311 9160 7588 268 1145 6118 7243 2847 704 3124 4957 7024 4859 5478 6164 224 3271 5374 8585 6223 1928 6298 956 4442 711 4742 7578 3046 9317 4841 8193 7752 4004 3553 6290 2415 9011 6323 9938 1745 2509 5966 
97 108 7823 8120 8795 772 6541 9911 4517 9538 8430 707 1975 9301 3543 8896 6177 2308 7086 3960 2778 592 6845 9532 9409 2933 3796 1444 2138 1593 3820 4150 3600 2854 20 6458 5796 5737 4036 917 5433 2859 2922 9937 2017 4593 3351 1574 1605 7706 6750 498 2311 2061 1631 2999 1501 2451 3574 8541 7224 9956 7533 2050 6418 7895 8454 2960 7652 2881 7418 1463 2978 4214 5425 6294 8367 3894 6497 1330 1590 4397 7371 2058 1274 5430 2615 1820 8163 2026 6474 5501 1560 3329 4206 706 3848 1703 
98 8831 4587 5130 5186 7498 3200 6903 6054 6603 5834 4511 7908 7414 2239 1972 1074 6532 7356 7670 777 9852 9125 1207 8116 1926 6165 1755 482 8482 5855 124 3377 7411 4364 9349 2530 4516 6751 6555 768 7481 7606 663 9048 9924 4851 3301 1648 1581 4478 4225 2449 555 1494 8706 128 9922 571 8728 1714 6719 4233 5124 24 6005 9465 7004 5791 7638 2751 3669 9076 9163 8351 8974 1325 4049 5910 7581 1536 6649 3102 3217 5087 4725 6502 2202 7874 9970 7069 1580 6598 7291 42 8865 3387 1303 1479 2737 
99 4236 6975 4151 1068 8516 9084 2001 9173 7766 6498 9657 5085 7329 1130 528 4299 9658 3713 2998 12 5542 5894 6817 6475 9805 3871 4158 3996 5861 4458 3853 6914 2689 1547 9653 3734 567 9933 7862 5435 7682 9729 2954 7316 9337 210 4889 5987 5036 5018 5291 2458 2470 8215 5754 4463 6030 2413 3860 9234 8595 4752 5747 3957 2337 6308 415 4568 1258 8822 9488 766 2967 9489 1831 5810 7898 6395 7015 6619 7037 4643 2384 9090 2314 5655 1415 3559 6566 2934 6100 4065 3780 2203 9456 6122 2680 6277 6483 
