100
0 535 2337 132 66 362 4135 220 320 22 448 129 79 110 28 18 1209 165 1045 249 1287 4740 76 75 31 419 72 45 62 37 396 305 431 1476 47 4266 6481 1052 1412 6266 
1 2 0 6 3626 91 113 1290 4535 233 378 892 17 14 3 49 749 58 67 422 65 201 1780 3772 2128 3400 20 307 4727 974 32 40 74 1591 
2 0 317 28 77 19 29 378 476 8 3506 423 68 9 4287 11 7 225 3 604 816 3725 921 3666 39 5 703 1296 1915 46 394 120 34 3057 
3 453 31 1202 224 846 52 712 20 1114 6239 2648 276 46 229 40 6188 441 645 1291 288 7105 6491 611 945 413 5463 419 65 13 2656 58 438 583 6656 
4 1071 150 178 122 766 325 259 100 335 3380 40 877 343 1204 119 22 457 117 660 2262 286 362 6765 10 30 4492 3656 62 395 181 197 2005 4157 1482 2818 
5 5 18 26 3 16 25 62 1292 353 104 904 13 728 92 23 347 86 362 559 1461 33 82 2763 991 642 48 6554 57 460 244 132 2208 27 1263 69 1495 
6 438 154 2772 9424 692 218 490 17 6 2072 15 401 104 3052 9 49 966 21 8 1167 2985 6502 9778 112 89 349 59 276 1585 743 1047 22 14 263 5041 1420 3870 2841 1173 3244 
7 101 2316 435 141 5 580 137 254 31 552 27 478 8 243 30 2506 3929 68 356 218 381 805 51 64 295 2606 606 38 128 3471 41 1310 
8 10 66 117 917 4356 274 902 3185 78 6892 460 161 85 2586 145 1580 1343 6394 62 6660 9538 652 51 59 1388 37 18 196 1014 4916 188 290 397 155 3467 
9 719 5451 2 2381 1 9 6038 5 78 74 14 30 0 6 59 20 79 197 3898 32 113 68 57 483 160 12 7 2216 64 262 531 56 569 184 5450 6729 
10 0 151 4310 1142 831 137 4 3 1 37 95 6 2660 5478 119 279 2010 301 617 62 34 708 4420 1419 1253 6011 159 918 22 70 550 290 63 117 19 176 138 1737 6049 5926 
11 29 66 1307 4 6624 2 53 282 726 7328 2583 51 12 188 31 6882 806 7918 86 3292 8851 72 2188 1135 13 1098 16 185 152 43 324 923 1183 878 6138 2060 
12 1410 199 16 389 1 1199 1867 11 100 19 623 52 37 4529 87 393 3 3724 5 383 368 113 29 0 129 6 44 45 4267 22 60 395 404 290 2153 3441 583 1310 
13 986 2241 188 8944 4051 497 54 88 46 2466 310 2735 264 531 432 114 37 150 235 4055 292 1406 17 5681 296 11 2185 784 293 19 1499 18 207 731 1925 57 
14 240 1 13 33 0 3001 311 99 9512 22 61 21 141 1687 1076 3986 789 237 227 1575 947 47 1094 963 72 1519 1320 76 1387 303 197 243 6577 138 709 708 
15 43 0 14 2 98 753 439 10 18 158 40 552 339 69 905 12 130 110 71 57 211 368 285 2527 2339 7 134 27 243 93 8886 341 1056 9907 3860 7585 8080 1263 
16 1995 8262 319 3255 1835 390 2280 124 2516 216 347 1303 349 108 20 28 78 17 2857 575 863 15 2230 7209 1079 1172 2527 796 2710 169 725 
17 4651 4291 5227 70 530 2382 579 32 13 201 49 200 160 228 2502 1116 321 33 1024 9174 4134 23 26 461 196 2571 193 583 3030 131 355 65 17 2171 184 176 
18 1 7 283 338 885 1857 2 1070 43 83 2165 534 270 140 5789 465 173 31 89 6061 212 387 160 3511 1695 21 3045 685 3888 175 166 78 176 7984 138 
19 105 315 4471 606 262 66 80 2615 6393 808 4106 26 864 522 726 10 888 5902 676 60 1395 34 1608 517 518 70 39 268 277 27 184 155 
20 560 597 11 71 244 110 295 80 66 3706 943 1589 185 1 9825 16 3632 527 99 18 2 152 2600 4 15 3 1713 7899 1638 859 5514 3248 2591 
21 852 2 12 1 4911 799 5 1869 4247 538 7 8687 1229 0 190 7161 51 29 24 2384 49 1924 41 136 4 125 16 40 60 15 5661 63 
22 369 0 5 2989 2 3935 3156 1461 180 13 500 41 1665 1039 24 12 18 7 8 886 1 27 1158 25 233 901 3 36 608 65 232 4 709 9 583 404 1290 
23 23 68 8909 623 70 1109 6 28 7202 52 3099 48 7881 4723 4766 160 78 430 35 74 763 2736 2190 5280 7284 37 183 6135 733 162 6357 98 27 873 554 1334 
24 0 2546 299 74 1428 11 5 7 9740 2 42 197 116 35 3 41 5165 15 399 3878 8480 934 133 24 1655 8 203 216 81 232 245 345 37 17 73 1088 6628 155 708 
25 17 505 6 230 165 9 26 2007 7322 3 141 405 10 4311 143 553 1743 215 22 95 43 919 327 20 101 144 8 74 119 566 728 5482 2264 
26 31 5 18 14 0 9 6 116 803 4387 5974 182 902 7726 609 5747 1029 549 318 227 725 38 711 721 105 1047 84 522 199 61 79 131 264 3600 195 237 2890 977 5381 1290 
27 4 252 20 464 1 35 1427 1981 40 64 235 2 176 11 1922 97 9 5 9334 241 10 71 113 19 231 74 16 2475 183 821 287 13 99 3692 1468 197 909 
28 743 158 3689 32 61 1003 50 37 2625 6607 10 255 76 55 532 3677 9577 118 19 86 191 653 686 558 2622 7723 273 4679 265 137 225 259 491 267 5603 8430 
29 436 4867 194 23 861 24 7 8 80 6491 778 33 3117 6257 120 5 410 16 467 195 19 1217 333 144 3563 539 124 1022 241 6021 359 79 3501 727 13 769 1495 621 
30 438 822 26 364 2812 2746 944 367 1298 3636 88 7325 396 487 97 838 5167 1414 330 66 436 620 371 2432 3549 31 7 533 5571 9969 177 221 143 126 968 621 5526 
31 6 0 204 34 7 1 48 110 132 24 16 2580 4259 2 3000 14 4 449 184 3 8473 7641 5 50 81 124 9848 722 1365 12 2400 86 19 867 82 1557 869 442 
32 20 18 1 242 42 21 113 2378 12 2419 72 10 7691 154 733 53 26 0 14 4 4061 320 64 2325 4345 11 38 2272 5168 88 390 28 6481 7 
33 3173 20 5 3532 25 8601 136 19 240 188 115 6 204 46 145 44 45 2627 901 440 64 701 479 8 68 366 2990 26 4 2647 1887 37 309 2453 6005 138 
34 3369 665 941 1004 2 155 27 39 18 876 53 17 26 487 4977 4055 3894 38 16 4353 10 1301 6 4498 1675 4 122 3735 59 131 9 174 4555 9595 120 5659 3514 2153 
35 13 665 855 3215 22 4765 696 5823 24 57 307 15 1395 119 18 349 8 25 43 3537 102 1830 1885 711 2032 31 156 324 564 74 73 153 2148 40 1151 23 78 9 
36 87 174 312 3358 7833 43 27 46 77 6611 35 147 202 1855 1902 433 2108 28 712 41 456 106 849 22 497 254 418 162 8931 206 3260 612 98 494 554 
37 56 472 4701 0 29 7 4309 13 5603 287 1402 32 65 162 6 200 2377 15 164 687 548 1372 3947 142 2491 3218 308 2321 2839 950 9 252 
38 5214 8 1681 106 1621 591 333 2824 360 415 338 209 696 848 175 93 4123 317 1278 9414 2297 433 1541 3610 36 32 915 115 
39 0 40 1174 4 795 301 92 3853 70 15 17 801 6691 9 28 20 3554 1010 601 862 3401 49 115 5006 186 18 98 3213 454 36 54 7 399 5921 
40 173 168 1104 203 3217 1135 5409 17 185 1573 281 11 6651 453 1345 170 29 343 35 238 1900 1283 16 80 5696 111 216 1734 295 2351 174 2490 850 
41 84 251 74 24 8 1 923 309 3 141 38 78 0 6166 2615 5 2142 620 46 163 1571 437 54 134 11 19 2868 481 283 112 128 87 140 6656 3248 554 2153 
42 8 4 0 14 2 40 440 424 3 1191 1107 3054 334 861 8176 127 23 2426 68 1 34 6303 5187 2944 13 22 731 7031 2384 681 1632 
43 2896 63 55 402 129 478 805 30 1427 77 332 361 183 4222 45 127 2708 2775 1000 20 7 1892 5727 306 3548 730 185 252 293 1854 64 69 1177 2028 103 150 176 919 
44 98 505 8868 137 337 261 326 1366 651 3122 336 526 2179 162 2300 293 1963 2747 1360 117 3566 92 242 15 167 3620 1034 55 268 18 7086 303 3849 708 138 6402 1290 
45 504 399 106 254 0 93 3 966 371 15 153 27 10 855 771 59 138 2454 85 1501 37 2 47 917 507 13 1229 18 14 126 1310 2486 7055 1502 
46 8743 11 9 1 3 1098 4 152 1576 1091 0 6 14 15 52 5 6397 6869 65 129 2 1293 389 448 143 2837 5435 59 63 128 12 245 1498 968 121 2741 2208 
47 67 8 0 47 492 31 51 26 71 36 494 7 45 1416 168 154 54 234 1 12 3662 8719 9831 108 4204 104 5618 7493 9 148 20 72 155 2264 
48 0 2381 4 28 13 32 3550 552 577 45 52 4912 35 61 31 8 258 6 1254 321 405 1906 7495 64 93 22 4635 1965 5658 38 9880 2579 941 50 309 2148 
49 71 300 6670 7 48 1041 20 61 1 7559 26 9230 42 766 2610 28 5428 4374 35 9495 482 33 700 1585 1557 167 11 739 56 158 216 3490 448 187 405 6 2633 1721 121 859 2591 
50 1975 154 284 5163 145 456 1589 4189 817 55 132 607 705 5 2693 155 13 7 9961 1594 59 1109 5016 76 404 1784 6088 1902 7479 4393 4424 485 968 
51 138 0 345 487 780 185 93 468 180 2620 297 1 5 20 127 1383 1035 9165 6 14 225 2 3 493 1063 284 81 12 155 4946 
52 370 292 40 214 7379 6388 82 2510 110 192 424 71 4893 22 44 2184 1481 213 200 239 90 2929 613 123 208 1795 1479 461 311 66 3999 
53 60 600 6845 4132 168 96 32 681 7241 16 1032 106 133 135 6121 496 34 2328 366 140 192 2 155 874 161 240 275 24 1912 25 458 688 114 8 27 408 58 1958 
54 8982 667 580 116 239 147 26 314 198 59 107 92 319 11 44 3906 2192 687 413 452 71 53 18 64 1015 63 867 138 869 1184 
55 77 7701 2033 797 12 10 0 1 8 22 97 6 127 30 5 656 19 165 15 967 58 83 175 203 3 173 2 9 23 68 715 554 31 377 417 11 1225 484 6877 1737 1502 
56 728 3 174 50 141 18 9749 222 5117 7484 279 98 168 6432 1148 379 426 71 593 802 13 7978 243 12 789 136 4653 130 120 1151 4996 2170 2076 1502 2264 867 
57 258 34 20 6269 16 4304 829 238 113 43 145 60 90 1155 401 166 31 1061 418 519 4455 1972 1112 1271 945 36 78 415 91 799 5656 667 2780 
58 1318 228 2500 46 254 246 573 36 128 239 41 32 76 51 54 16 3530 101 9539 192 170 111 1810 4 69 175 1961 968 
59 57 150 55 169 736 684 504 756 38 1059 71 1156 5382 325 26 3126 103 2430 428 8149 1800 10 9 545 85 4672 2622 46 60 6927 218 1186 333 914 252 621 121 8139 
60 9770 1619 7770 424 1382 586 2501 320 3229 6281 261 30 199 7296 14 55 118 162 7114 819 154 111 96 2322 2599 516 223 33 6507 8422 1347 62 6228 5985 2848 
61 401 48 194 221 76 444 216 260 163 1256 2814 58 202 5262 1144 1045 3964 44 366 117 1601 144 67 593 8826 793 6117 405 115 80 823 45 264 1878 731 583 3102 869 
62 582 85 84 469 1283 158 2 4 732 69 6 6224 89 32 147 187 4127 31 6937 5 60 191 148 608 28 7252 999 277 9755 117 4476 27 10 428 3971 318 2642 121 9 63 1310 7624 
63 28 0 60 68 9486 559 41 445 3 7 5313 110 108 1257 316 8 2 17 6428 1 466 14 1425 27 298 1056 451 933 10 1652 3054 87 499 177 829 11 2148 859 176 
64 191 75 1738 17 112 7860 10 1021 32 7189 96 12 355 679 111 40 2642 236 9584 5 13 210 6450 1266 5233 58 924 178 93 174 633 8271 
65 51 81 17 469 21 41 29 20 289 1422 25 86 273 849 372 7260 7752 45 142 444 103 567 383 1692 6203 1180 253 443 6629 841 476 1032 3052 463 394 42 4643 193 184 
66 2179 3 3292 9 3730 43 1906 14 1901 54 111 10 874 16 435 112 12 2138 4654 4775 178 1912 38 1032 623 160 501 4705 444 117 4033 7 595 424 7007 5091 3767 
67 1 67 52 2 641 47 579 110 535 51 36 4354 170 5 6 81 217 299 58 3476 4508 8912 64 474 1188 15 42 48 82 9824 3348 709 
68 0 1 308 63 9 618 54 29 177 56 599 49 1127 9161 1215 2933 1122 46 1688 23 320 115 244 1637 4594 10 25 595 12 9479 584 681 1495 
69 1490 3130 49 5542 669 161 7328 244 2343 3612 243 21 2420 3372 525 9148 5954 66 73 498 3209 190 67 557 151 24 6862 2744 2616 
70 936 1934 7470 339 150 55 146 52 124 342 390 25 75 31 2741 2958 6314 4129 1877 11 1232 949 4042 447 346 4312 3113 2010 85 22 82 69 2848 
71 1360 0 7 290 214 919 1634 18 1645 1 67 9 4 3271 33 163 31 7406 83 6924 30 26 25 3 204 8151 32 15 151 520 155 1494 1465 1038 1028 355 8 977 27 1671 
72 7651 2398 1288 200 6190 192 22 5415 48 492 379 1073 5029 9268 1323 26 100 488 535 495 124 863 613 1150 3696 414 4281 8 1065 4977 
73 56 80 7056 26 7866 206 3649 49 1542 487 111 14 267 66 73 55 57 465 8855 2096 477 188 6862 18 474 420 109 75 133 1122 
74 17 1170 4 843 677 13 1623 23 7 223 31 2386 9837 8334 2522 226 4911 11 2 27 80 464 8699 352 2770 195 624 930 48 1622 98 33 164 62 139 1077 869 3097 
75 1 11 2207 6662 1759 911 0 3247 2725 2 33 401 14 3215 479 50 6 53 1193 3 29 778 109 850 37 8970 60 65 30 229 9087 482 3244 1671 
76 2446 56 7749 1675 777 1 2 4588 0 24 86 452 94 66 36 102 4884 206 678 367 967 691 208 1540 132 80 5415 11 2638 9 18 175 477 15 3849 
77 324 35 4431 3561 148 354 1455 75 259 1221 1374 174 5432 66 109 7636 473 1005 313 59 185 495 195 6760 969 79 22 1974 3045 487 294 101 4347 725 69 554 
78 111 1250 7451 72 227 5245 4 64 9219 122 242 5 5445 342 1085 333 146 25 2027 7679 84 1153 806 139 247 239 472 44 22 108 252 2653 968 3756 
79 63 2401 3011 47 329 183 7771 11 19 263 466 8270 72 6554 755 888 1185 892 68 3259 70 660 98 4 173 1986 39 258 1199 1438 42 443 148 9514 4371 6165 
80 22 40 1869 12 43 8423 0 1 355 7123 46 20 107 8 2 21 3406 68 9 5860 6 129 5603 467 87 10 30 5 903 9872 647 3 361 112 27 2377 537 14 184 1572 2060 
81 3 4 5 7320 659 8728 35 1226 123 342 61 2424 71 2789 98 27 4439 2771 6773 10 2136 865 3754 173 714 524 576 466 3640 7559 25 532 367 794 554 
82 14 0 18 349 79 1506 56 3545 72 1260 739 844 291 10 214 118 224 249 40 832 24 573 50 1779 7311 215 81 60 146 3220 62 145 120 7677 3097 900 1671 
83 79 19 5 2035 37 4225 1895 366 9876 17 4 3 2063 112 24 3067 3976 168 30 89 9412 412 449 4512 240 220 16 3447 11 651 115 134 151 159 15 102 3975 3244 
84 370 3 4 16 1 159 5667 2 878 94 4642 6868 660 60 11 28 2420 2034 17 263 3618 2246 24 33 362 42 7699 45 182 49 621 65 8 6769 1384 1737 3097 
85 4 645 46 1093 6261 16 144 6381 25 35 170 996 4864 6304 846 202 559 319 40 17 50 243 145 220 94 41 6967 73 1878 8 177 860 63 280 27 
86 222 588 23 54 1 19 441 10 3184 162 4773 0 3 308 26 53 1257 6 89 2 329 7 5078 151 568 802 21 361 1959 1465 9 126 968 1572 
87 25 227 757 1501 5534 23 928 32 1427 13 70 1248 106 142 30 1219 6926 24 77 399 2716 131 1415 525 2500 17 1711 239 2181 3115 773 100 9 164 7234 869 2076 2848 
88 24 2952 8 6 44 618 2491 274 1581 549 90 41 13 12 9 2763 11 96 297 22 15 1272 172 37 8017 301 697 2389 6302 333 291 2191 729 692 114 328 142 476 58 316 1263 138 
89 1015 4547 67 99 579 25 3475 8942 675 2570 19 32 472 7378 1129 12 97 4051 45 8558 14 214 213 695 57 22 40 995 7777 139 114 8 
90 0 3 4189 29 14 115 232 37 7 12 2108 4 944 1809 450 467 929 2 6354 1 3755 122 2335 181 3516 2566 21 738 4469 9030 554 4803 138 155 968 
91 2367 1866 26 1279 426 111 237 53 463 585 10 406 40 101 2001 4260 586 4557 610 162 266 20 329 3675 3784 98 2138 145 1452 1070 3684 
92 27 84 208 1321 183 1624 5 1131 20 55 35 101 277 89 348 1505 150 43 74 9354 47 63 57 488 113 154 3969 58 2465 2371 109 140 127 187 3097 
93 127 57 10 242 6400 493 789 384 8779 231 4738 186 66 109 542 110 3247 9948 3387 864 383 266 2130 55 2099 866 772 91 28 1513 3483 
94 143 39 1484 458 263 35 795 581 310 4421 330 100 89 5710 730 659 4022 6962 554 9631 302 25 4591 1371 1558 348 45 86 188 5794 36 5064 17 243 3398 5921 
95 1 52 39 1962 276 90 107 528 141 59 1993 997 336 561 28 44 33 3422 1039 313 1732 34 9 842 1105 73 957 480 3198 9365 
96 1099 4204 4062 42 8166 5912 344 761 484 1192 4538 8050 1228 667 1350 269 4448 134 384 1887 5655 32 38 2704 96 1470 294 39 126 58 464 120 6459 
97 18 1 0 3 727 7 85 47 6 673 38 24 54 225 21 4425 129 9 4 7457 6341 3295 11 12 50 115 2 36 23 518 31 30 63 5708 138 155 
98 1423 1 4711 15 2712 38 4 3064 307 51 0 6 395 5 921 14 57 3083 18 75 30 1069 1732 2 166 3 39 88 355 7717 494 2546 6608 6008 3849 3097 
99 726 4 3 1 756 9 4625 7 8 75 296 21 104 28 175 64 548 133 4589 203 5817 870 476 34 31 3738 46 3364 39 129 5573 102 3697 
